22 26 25 27 27 25 21 24 21 28 26 26 27 25 28 24 24 22 26 25 27 27 25 21 24 21 28 26 26 27 25 28 24 24 22 26 25 27 27 25 21 24 15 7 7 7 7 3 6 7 7 5 7 7 13 5 8 8 32 32 32 3 3 3 3 3 3 7 31 31 31 31 1 3 3 1 31 31 29 29 29 29 29 29 29 8 8 7 10 7 7 9 5 6 7 13 7 8 8 7 
8 7 7 8 6 6 7 5 8 7 7 8 8 7 6 7 13 6 13 8 8 5 5 5 8 14 6 8 8 7 7 6 6 8 7 7 6 7 7 9 7 7 7 5 7 8 21 32 32 32 3 3 3 3 31 31 31 31 31 31 6 3 3 3 31 31 31 31 29 29 29 8 8 6 8 6 13 7 13 12 7 7 13 14 8 8 8 8 7 7 8 8 7 14 7 5 6 14 6 7 
22 26 25 27 27 25 21 24 21 28 26 26 27 25 28 24 24 22 26 25 27 27 25 12 13 6 6 7 7 7 6 6 6 12 6 6 7 7 32 32 31 3 3 3 3 31 31 31 31 31 31 31 3 3 3 31 29 29 29 29 29 29 29 8 8 12 8 8 8 7 6 14 14 6 6 14 14 6 15 7 8 6 13 14 6 7 8 7 7 13 13 7 7 8 8 12 14 8 14 14 
22 26 25 27 27 25 21 24 21 28 26 26 27 25 28 24 24 22 26 25 27 27 25 14 6 8 8 7 3 3 3 13 13 8 14 13 8 14 32 32 32 3 3 3 3 31 31 31 31 31 31 31 3 3 3 3 29 29 29 29 29 29 29 29 29 29 8 8 14 8 8 8 8 8 14 5 13 7 8 6 8 6 8 14 7 8 8 6 21 8 7 6 8 14 8 8 8 7 7 7 
3 3 7 7 7 6 13 13 6 13 7 6 13 13 7 7 6 8 7 8 6 6 8 8 8 8 13 8 8 10 8 8 6 13 8 7 14 16 32 32 7 3 3 3 3 31 31 31 31 31 31 31 31 3 3 31 29 29 29 29 29 29 29 29 8 8 7 8 8 8 8 8 15 8 7 8 8 8 8 8 7 8 6 8 13 7 8 8 8 8 7 8 8 8 7 8 7 8 8 7 
8 12 7 8 7 6 7 6 6 15 8 6 13 6 7 8 6 6 8 12 8 6 6 7 6 7 6 8 8 14 14 8 8 8 15 32 32 32 3 3 3 31 31 31 31 31 31 31 31 31 3 3 5 29 29 29 29 29 29 29 29 18 29 29 8 8 8 14 8 8 13 7 8 7 13 8 6 8 14 8 7 14 13 15 8 8 12 14 8 8 13 6 6 14 8 8 14 8 14 8 
22 26 25 27 27 25 21 24 21 28 26 26 27 25 28 24 24 22 26 25 27 27 25 15 7 14 8 7 3 3 5 6 14 14 32 32 3 3 3 3 3 31 31 31 31 31 31 31 3 3 6 29 29 29 29 29 29 29 29 17 8 8 13 8 7 6 12 6 8 12 8 7 13 22 8 7 8 8 8 8 8 8 8 8 8 7 7 7 7 7 7 6 7 8 8 8 8 8 8 13 
8 6 8 8 5 7 8 8 6 6 8 8 13 5 8 15 8 8 8 8 12 7 21 7 14 12 21 8 13 8 13 8 8 14 8 14 14 8 8 15 8 8 15 8 15 8 8 21 32 32 32 3 3 3 8 31 31 31 31 31 31 31 3 5 3 31 31 31 29 29 29 29 29 29 6 14 6 14 8 8 12 8 8 8 8 8 8 13 12 8 7 7 6 6 8 13 8 8 7 8 
22 26 25 27 27 25 21 24 21 28 26 26 27 25 28 24 24 22 26 25 27 27 25 21 24 21 28 26 26 27 25 28 24 24 22 26 8 8 16 32 32 32 3 3 3 3 31 31 31 31 31 31 31 3 3 3 5 31 29 29 29 29 29 29 29 8 8 14 13 14 13 8 8 16 13 8 13 13 14 14 14 8 15 8 8 8 13 7 7 13 8 14 8 13 8 8 14 8 6 15 
7 8 8 13 7 5 5 7 7 7 7 8 8 5 6 13 7 5 13 13 14 5 8 8 8 7 8 6 8 7 13 7 7 32 32 31 20 3 3 3 31 31 31 31 31 31 3 3 3 5 29 29 29 29 29 29 29 8 8 8 8 13 15 13 8 15 7 8 13 13 8 7 15 5 8 7 15 7 13 8 7 8 13 8 8 6 7 8 5 7 7 13 13 8 7 15 7 8 13 7 
