32 30 29 31 31 29 32 28 32 32 30 30 31 29 31 28 28 32 30 29 31 31 29 32 28 28 32 30 30 31 29 31 28 28 32 30 29 31 31 29 32 28 15 15 14 15 14 14 14 14 15 15 15 14 14 15 14 9 9 9 27 12 10 10 1 9 19 10 3 3 2 1 9 13 13 19 10 3 10 3 9 9 9 13 13 13 14 19 14 14 14 15 15 15 15 15 15 15 15 15 
32 30 29 31 31 29 32 28 32 32 30 30 31 29 31 28 28 32 30 29 31 31 29 32 28 28 32 30 30 31 29 31 28 28 32 30 29 31 31 29 32 28 14 15 15 14 14 14 14 15 15 14 14 14 15 15 19 9 9 26 25 4 3 2 3 3 3 3 3 2 1 9 9 19 13 25 3 3 9 9 9 9 9 13 13 13 13 13 14 14 14 14 15 14 15 15 14 14 16 15 
32 30 29 31 31 29 32 28 32 32 30 30 31 29 31 28 28 32 30 29 31 31 29 32 28 28 32 30 30 31 29 31 28 28 32 30 29 31 31 29 32 28 16 21 20 17 19 16 14 14 15 14 16 19 9 9 9 20 26 26 4 4 2 1 1 9 1 13 21 23 3 3 3 1 1 9 9 13 13 4 4 3 3 3 9 13 9 9 9 9 13 13 13 13 13 14 14 14 14 14 
32 30 29 31 31 29 32 28 32 32 30 30 31 29 31 28 28 32 30 29 31 31 29 32 28 28 32 30 30 31 29 31 28 28 32 30 29 31 31 29 32 3 19 13 13 14 14 16 14 16 14 15 15 14 9 9 13 26 26 26 4 2 1 1 9 13 13 13 4 3 3 2 1 1 9 9 13 9 3 5 3 3 9 9 9 9 9 13 13 13 13 13 14 15 14 14 15 15 14 16 
32 30 29 31 31 29 32 28 32 32 30 30 31 29 31 28 28 32 30 29 31 31 29 32 28 28 32 30 30 31 29 16 14 15 15 15 15 14 14 14 14 15 15 16 14 15 13 9 9 9 26 26 26 4 2 1 9 17 14 1 3 3 3 1 1 9 9 4 4 5 5 5 3 9 9 13 9 13 14 14 14 14 14 17 15 16 15 15 15 15 15 15 16 8 14 15 15 14 16 15 
32 30 29 31 31 29 32 28 32 32 30 30 31 29 31 28 28 32 30 29 31 31 29 32 28 28 32 30 30 31 29 31 28 28 32 30 29 31 31 29 32 28 16 15 16 21 15 15 14 14 16 16 14 15 14 9 9 9 9 4 4 2 2 1 3 17 10 5 3 2 2 5 13 13 9 3 3 3 3 3 9 9 9 13 13 13 13 14 14 16 15 15 15 14 15 15 14 14 16 14 
32 30 29 31 31 29 32 28 22 32 30 30 31 29 30 28 28 32 32 29 31 31 29 32 28 28 32 30 30 31 29 31 28 28 30 30 30 31 31 29 32 22 14 15 14 14 15 15 15 15 16 14 15 15 19 9 9 26 4 4 3 1 1 5 5 10 3 3 1 1 9 13 13 4 25 3 3 5 3 9 13 13 13 13 14 14 14 14 14 15 15 15 14 15 15 15 15 16 14 14 
32 30 29 31 31 29 32 28 32 32 30 30 31 29 31 28 28 32 30 29 31 31 29 32 28 28 32 30 30 31 29 31 28 28 32 30 29 31 31 29 32 28 15 15 15 16 15 15 15 14 14 15 15 15 9 9 9 4 4 3 3 1 10 3 5 3 3 1 9 17 1 9 3 3 3 13 13 13 13 13 14 13 14 15 14 15 14 14 16 15 15 15 14 14 15 15 15 15 14 16 
32 30 29 31 31 29 32 28 32 32 30 30 31 29 31 28 28 32 30 29 31 31 29 32 28 28 32 30 30 31 29 31 28 28 32 30 29 31 31 29 32 28 16 15 15 14 14 14 14 16 15 15 15 15 16 16 15 14 9 9 19 4 4 3 3 3 3 3 3 2 2 9 9 4 4 3 3 3 9 9 9 9 13 13 13 13 13 14 14 15 15 15 15 16 15 14 14 15 14 14 
32 30 29 31 31 29 32 28 32 32 30 30 31 29 31 28 28 32 30 29 31 31 29 32 28 28 32 30 30 31 29 31 28 28 32 30 29 31 31 29 32 28 14 15 14 18 14 15 15 15 14 14 14 9 9 13 26 26 26 26 23 3 3 1 1 1 3 5 5 3 4 4 4 4 3 3 1 1 9 13 14 14 19 19 3 9 9 9 9 13 9 13 13 13 13 13 14 14 16 15 
