32 30 29 31 31 29 32 28 32 32 30 30 31 29 31 28 28 32 30 29 31 31 29 32 28 28 32 30 30 31 29 31 28 28 32 30 29 31 31 29 32 19 14 21 20 20 22 15 15 15 16 14 15 15 9 9 9 12 12 4 3 3 3 10 10 3 4 4 3 25 25 5 19 12 19 19 16 15 15 14 14 15 15 15 20 15 15 15 16 20 15 20 16 20 20 15 14 14 16 15 
32 30 29 31 31 29 32 28 32 32 30 30 31 29 31 28 28 32 30 29 31 31 29 32 28 28 32 30 30 31 29 31 28 28 32 30 29 31 31 29 32 16 16 16 15 15 19 16 15 15 20 15 15 15 15 18 9 9 9 18 6 6 5 3 5 3 10 5 5 5 5 5 5 5 5 5 19 19 22 22 16 15 15 16 16 15 15 15 16 14 15 15 16 16 15 15 16 16 16 15 
32 30 29 31 31 29 32 28 32 32 30 30 31 29 31 28 28 32 30 29 31 31 29 32 28 28 32 30 30 31 29 31 28 28 32 30 29 31 31 29 32 22 15 14 14 19 14 16 19 15 15 16 16 14 15 16 15 16 15 15 16 16 16 15 15 15 20 16 15 15 15 15 16 15 14 9 9 9 9 5 6 6 12 3 3 3 3 3 5 5 5 5 5 5 5 5 12 16 16 22 
32 30 29 31 31 29 32 28 30 32 30 30 31 29 31 28 28 32 30 29 31 31 29 32 28 28 32 30 30 31 29 31 28 28 32 30 29 31 31 29 32 28 16 16 16 20 13 15 16 16 15 15 18 9 12 6 26 3 3 3 5 5 5 5 5 5 5 5 5 5 5 16 16 14 15 15 15 19 16 15 15 15 16 15 15 15 16 16 15 15 15 16 15 15 15 16 14 15 15 16 
32 30 29 31 31 29 32 28 32 32 30 30 31 29 31 28 28 32 30 29 31 31 29 32 16 15 16 15 15 18 14 15 15 16 16 15 15 15 16 20 13 9 9 3 26 25 25 3 5 3 5 5 5 5 5 5 5 5 5 5 12 16 14 16 14 15 15 16 15 15 15 16 22 15 15 14 16 15 15 15 16 19 15 14 20 16 16 15 15 16 19 16 14 15 16 16 15 15 15 16 
32 30 29 31 31 29 32 28 32 32 30 30 31 29 31 28 28 32 30 29 31 31 29 32 16 15 16 16 15 14 16 15 15 14 16 16 14 15 16 20 16 15 15 14 16 14 15 15 14 9 9 18 6 6 12 3 5 3 5 5 5 5 5 5 5 5 11 18 19 16 15 15 15 20 14 15 15 15 20 15 15 15 16 16 15 15 15 16 16 15 15 15 16 16 15 15 15 16 16 15 
32 30 29 31 31 29 32 28 32 32 30 30 31 29 31 28 28 32 30 29 31 31 29 32 16 15 16 16 18 18 18 16 15 14 9 9 9 26 12 12 12 3 13 13 3 3 3 3 5 5 5 5 5 5 15 12 12 15 15 14 15 15 15 16 19 16 19 23 19 20 16 19 19 19 19 19 22 15 15 15 15 19 22 16 15 15 16 20 16 15 14 16 24 16 15 15 15 21 16 16 
32 30 29 31 31 29 32 28 32 32 30 30 31 29 31 28 28 32 30 29 31 31 29 32 18 15 15 15 20 20 16 15 15 14 20 20 18 9 7 6 12 12 5 10 5 5 5 5 5 5 5 5 5 5 5 16 19 22 16 15 15 16 16 16 15 15 16 20 16 15 16 16 16 15 16 16 20 15 16 15 16 20 16 16 15 16 20 15 15 15 16 16 16 15 15 16 16 16 16 16 
32 30 29 31 31 29 32 28 32 32 30 30 31 29 31 28 28 32 30 29 31 31 29 32 28 28 32 30 30 22 22 23 16 19 22 15 15 16 14 19 16 9 9 3 26 25 25 3 3 3 3 5 5 5 5 5 5 5 5 5 5 5 5 5 5 12 19 19 16 15 15 16 16 16 16 16 16 16 16 16 21 22 16 16 16 16 16 15 15 15 22 16 16 15 16 24 15 16 16 21 
32 30 29 31 31 29 32 28 32 32 30 30 31 29 31 28 28 32 30 29 31 31 29 32 16 18 15 15 14 13 18 16 21 15 14 9 9 9 6 6 12 12 5 5 3 5 5 5 5 5 5 5 5 5 12 19 16 16 16 16 18 16 15 16 21 16 15 15 15 16 16 16 16 16 19 15 16 16 21 19 15 15 16 19 16 15 16 16 16 16 16 16 16 16 16 16 15 16 20 16 
