22 26 25 27 27 25 21 24 21 28 26 26 27 25 28 24 24 22 26 25 27 27 25 21 24 21 28 26 26 27 25 28 24 24 22 26 25 27 27 25 21 24 10 10 12 13 10 10 11 11 10 10 10 10 18 30 30 30 7 10 10 7 31 30 30 31 3 31 31 3 9 4 15 15 15 15 32 8 30 30 30 30 10 10 10 10 10 10 11 11 10 11 10 11 11 11 11 10 11 11 
22 26 25 27 27 25 21 24 21 28 26 26 27 25 28 24 24 22 26 25 27 27 25 21 24 21 28 26 26 27 25 28 24 24 22 26 25 27 27 25 21 24 12 11 11 10 10 12 12 10 10 10 12 10 10 11 11 13 30 30 30 30 7 7 10 9 32 30 30 32 3 3 31 31 9 20 15 15 15 15 15 15 5 32 8 30 30 30 10 10 10 8 10 10 10 12 10 10 11 11 
22 26 25 27 27 25 21 24 21 28 26 26 27 25 28 24 24 22 26 25 27 27 25 21 24 21 28 26 26 27 25 28 24 24 22 26 25 27 27 25 21 24 12 12 10 10 11 11 10 11 7 10 10 11 11 12 10 11 11 30 30 30 13 7 3 6 4 32 32 30 30 9 31 31 31 3 4 15 15 15 15 15 15 15 15 7 10 10 30 7 10 10 7 8 11 10 10 10 11 10 
22 26 25 27 27 25 21 24 21 28 26 26 27 25 28 24 24 22 26 25 27 27 25 21 24 21 28 26 26 27 25 28 24 24 22 26 25 27 27 25 21 24 9 11 10 10 10 11 10 10 10 10 11 11 11 12 12 11 11 10 10 10 11 11 30 13 11 10 7 5 3 3 3 9 15 13 15 5 32 16 16 10 10 11 10 11 11 11 11 12 11 11 10 12 12 12 11 11 11 10 
22 26 25 27 27 25 21 24 21 28 26 26 27 25 28 24 24 22 26 25 27 27 25 21 24 21 28 26 26 27 25 28 24 24 22 26 25 27 27 25 21 12 11 11 10 10 10 10 10 10 10 10 11 10 11 12 18 6 30 30 7 10 10 11 32 30 32 3 3 31 9 9 5 15 15 15 15 7 7 7 7 7 9 3 3 9 9 9 9 10 10 10 11 12 12 11 10 11 12 11 
22 26 25 27 27 25 21 24 21 28 26 26 27 25 28 24 24 22 26 25 27 27 25 21 24 21 28 26 26 27 25 28 24 24 22 26 25 27 27 25 21 14 10 11 10 12 10 11 10 10 10 10 13 10 11 11 11 30 30 30 7 7 3 7 7 30 3 3 31 3 9 15 15 15 15 15 5 7 7 10 10 7 7 9 9 9 9 10 10 11 10 12 10 11 11 10 11 11 11 11 
22 26 25 27 27 25 21 24 21 28 26 26 27 25 28 24 24 22 26 25 27 27 25 21 24 21 28 26 26 27 25 28 24 24 22 26 25 27 27 25 21 11 10 10 12 12 10 10 11 11 10 11 12 8 11 11 6 30 30 7 7 7 10 9 7 30 3 3 1 3 9 20 10 15 10 15 4 7 7 10 30 30 10 7 9 10 10 10 10 10 10 10 10 12 11 11 11 10 10 11 
22 26 25 27 27 25 21 24 21 28 26 26 27 25 28 24 24 22 26 25 27 27 25 21 24 21 28 26 26 27 25 28 24 24 22 26 25 27 27 25 21 24 11 11 10 11 10 11 7 10 12 11 11 12 11 6 6 6 30 30 7 10 10 9 7 7 7 3 3 1 9 9 15 15 15 15 15 31 7 7 8 7 7 9 9 9 7 9 10 10 10 10 11 11 11 10 11 11 11 10 
22 26 25 27 27 25 21 24 21 28 26 26 27 25 28 24 24 22 26 25 27 27 25 12 12 10 10 11 11 7 10 10 12 11 10 11 11 11 30 30 8 15 7 3 3 7 7 15 15 15 4 32 7 16 8 7 5 9 9 10 10 10 10 11 11 10 5 11 10 11 11 11 12 11 10 11 11 10 10 11 10 12 11 11 10 10 11 11 11 11 11 8 10 11 10 11 11 11 11 10 
22 26 25 27 27 25 21 24 21 28 26 26 27 25 28 24 24 22 26 25 27 27 25 21 24 21 28 26 26 27 25 28 24 24 22 26 25 27 27 25 21 21 10 11 10 11 10 10 11 11 11 11 11 11 6 7 3 9 10 31 31 3 1 9 7 15 15 15 15 7 7 7 9 9 9 9 9 9 10 10 10 11 10 11 11 11 10 11 10 11 10 10 11 10 10 10 11 11 11 10 
