22 26 25 27 27 25 21 24 21 28 26 26 27 25 28 24 24 22 26 25 27 27 25 21 24 21 28 26 26 27 25 28 24 24 22 26 25 27 27 25 21 13 11 11 11 10 11 11 10 10 11 11 10 12 10 11 15 7 10 32 32 32 32 7 9 9 10 10 9 8 7 31 31 31 31 31 31 31 31 31 9 9 9 10 9 10 11 11 14 10 11 11 11 10 12 11 11 11 10 11 
22 26 25 27 27 25 21 24 21 28 26 26 27 25 28 24 24 22 26 25 27 27 25 21 24 21 28 26 26 27 25 28 24 24 22 26 25 27 27 25 21 26 11 11 11 11 10 11 11 11 11 11 11 10 11 10 20 32 20 9 9 9 10 10 20 7 32 31 31 31 31 5 5 9 9 9 9 11 10 10 10 11 11 10 12 10 11 11 10 10 11 10 11 12 12 11 11 11 11 11 
22 26 25 27 27 25 21 24 21 28 26 26 27 25 28 24 24 22 26 25 27 27 25 21 24 21 28 26 26 27 25 28 24 24 22 26 25 27 27 25 21 13 10 12 11 11 10 10 10 11 11 12 10 8 7 11 10 8 11 11 11 20 20 20 20 9 12 12 10 10 11 10 10 7 29 29 31 31 31 3 3 31 3 3 3 3 9 9 9 9 9 10 10 11 10 11 12 10 10 11 
22 26 25 27 27 25 21 24 21 28 26 26 27 25 28 24 24 22 26 25 27 27 25 21 24 21 28 26 26 27 25 28 24 24 22 26 25 27 27 25 21 10 11 12 6 12 11 10 10 11 11 11 11 11 11 11 12 12 11 11 20 32 7 10 9 10 10 31 31 31 31 31 3 31 3 3 3 9 9 9 10 9 10 10 10 10 10 10 11 11 12 12 11 11 11 12 11 11 10 10 
22 26 25 27 27 25 21 24 21 28 26 26 27 25 28 24 24 22 26 25 27 27 25 21 24 21 28 26 26 27 25 28 24 24 22 26 25 27 27 25 21 14 12 11 10 10 12 10 11 11 11 12 11 11 11 10 10 11 11 10 10 12 10 10 11 10 12 10 8 12 32 32 32 32 32 32 10 10 10 12 10 7 7 7 7 30 32 32 31 31 31 31 31 31 31 31 31 31 31 31 
22 26 25 27 27 25 21 24 21 28 26 26 27 25 28 24 24 22 26 25 27 27 25 21 5 7 13 14 12 12 7 12 10 11 12 10 12 11 11 11 12 12 10 23 32 32 32 20 20 12 10 10 8 31 31 31 31 31 31 31 31 31 3 3 31 7 6 7 7 7 8 8 8 12 10 8 12 13 12 7 8 8 8 8 12 13 8 14 12 8 8 8 8 10 6 8 8 8 8 8 
22 26 25 27 27 25 21 24 21 28 26 26 27 25 28 24 24 22 26 25 27 27 25 21 14 7 6 6 7 7 7 10 11 10 12 12 12 11 11 20 32 31 20 7 10 10 7 10 8 31 31 31 31 31 31 3 3 3 9 9 10 10 10 11 12 11 11 10 12 12 11 11 11 12 12 11 11 10 12 12 12 10 11 12 13 10 11 11 11 12 10 10 11 11 12 12 11 11 10 12 
22 26 25 27 27 25 21 24 21 28 26 26 27 25 28 24 24 22 26 25 27 27 25 21 12 12 13 10 10 10 10 11 12 12 10 11 11 10 11 12 11 10 11 11 11 11 24 32 20 20 10 10 10 10 10 13 31 31 31 31 1 31 3 31 31 31 3 31 3 3 10 9 10 10 10 10 11 10 10 11 10 10 10 10 12 10 10 10 12 11 11 11 11 12 11 12 10 11 12 10 
22 26 25 27 27 25 21 24 21 28 26 26 27 25 28 24 24 22 26 25 27 27 25 12 11 11 10 11 10 7 10 10 12 10 11 11 10 10 10 10 11 24 24 32 32 32 7 32 11 11 10 10 10 11 30 13 6 31 31 31 31 1 31 31 31 31 31 31 3 3 3 3 3 3 9 3 9 9 9 10 10 10 10 10 11 10 10 11 11 11 12 10 11 11 11 12 11 10 11 10 
22 26 25 27 27 25 21 24 21 28 26 26 27 25 28 24 24 22 26 25 27 27 25 21 24 21 28 26 26 27 25 28 24 24 22 26 25 27 27 25 21 8 11 11 11 11 11 11 12 12 11 10 10 11 11 11 10 10 7 10 10 11 10 12 10 16 32 20 20 10 10 10 10 10 10 10 32 31 31 31 31 31 31 31 31 9 31 3 3 3 9 9 10 10 10 10 10 11 11 10 
