32 30 29 31 31 29 32 28 32 32 30 30 31 29 31 28 28 32 30 29 31 31 29 32 28 28 32 30 30 31 29 31 28 28 32 30 29 31 31 29 32 28 21 17 18 17 18 18 18 18 21 18 19 18 18 2 2 2 2 17 4 4 25 3 22 1 1 1 3 17 1 17 17 18 18 21 18 18 21 19 18 18 18 18 18 18 18 18 21 18 18 18 18 18 19 21 18 18 18 18 
21 18 18 19 18 18 9 18 17 13 18 18 18 18 17 18 17 19 17 18 18 18 18 18 18 18 18 17 18 9 18 9 18 18 18 9 9 9 9 9 17 18 18 18 18 19 18 18 9 17 18 9 18 19 18 17 21 21 17 19 18 9 18 18 18 18 18 23 2 2 2 2 2 4 22 3 5 1 1 1 1 3 9 9 13 9 9 17 18 18 13 9 9 17 18 18 18 17 18 9 
17 18 9 18 18 18 21 18 17 18 18 18 18 18 22 17 18 18 17 18 18 18 18 18 18 18 18 9 18 17 18 18 18 18 18 18 18 19 9 17 18 19 2 2 2 2 4 4 3 16 5 1 1 1 3 3 3 9 9 9 17 9 17 17 27 18 24 19 18 18 19 18 18 22 19 18 19 18 19 22 19 19 18 17 18 18 18 18 18 19 10 18 18 19 18 18 18 17 18 19 
19 18 18 17 18 18 18 17 18 18 18 17 18 18 18 18 18 18 21 18 18 18 18 17 18 18 18 18 21 18 18 9 18 18 18 18 18 19 18 9 18 18 18 13 18 18 21 2 2 2 2 2 4 21 3 22 2 1 1 1 1 3 1 3 9 9 9 9 18 18 18 19 18 19 18 18 18 18 19 19 18 21 18 18 18 9 18 18 20 17 10 18 18 9 18 18 21 18 18 21 
18 18 18 17 18 18 18 18 9 18 18 18 18 17 9 18 18 9 9 9 18 18 18 18 18 19 18 21 18 18 18 18 21 18 18 9 9 18 22 2 2 2 17 26 21 18 18 2 1 1 1 3 3 9 9 9 9 17 17 18 18 18 18 18 18 17 18 18 18 18 18 18 17 9 17 21 18 18 19 18 19 18 18 18 18 18 19 18 18 18 18 17 18 17 18 18 17 17 18 18 
21 19 19 18 14 17 18 18 18 18 18 21 23 18 18 18 17 17 18 18 18 21 21 18 17 17 9 18 9 18 18 23 17 19 18 18 20 18 19 32 2 2 2 20 4 23 19 22 2 1 1 1 3 3 3 9 9 9 9 17 17 17 17 21 21 18 18 18 18 18 21 22 22 18 18 18 19 18 22 17 18 21 21 17 19 19 19 19 18 18 18 18 19 22 18 18 22 18 17 21 
22 18 18 19 21 17 17 21 22 22 23 18 17 21 19 19 18 21 21 23 19 22 22 23 18 18 18 18 22 17 23 23 18 19 18 21 24 2 2 2 17 16 14 14 18 17 1 1 1 3 9 1 9 9 9 17 17 17 17 19 17 18 23 18 22 22 19 18 18 19 19 19 22 18 22 19 22 19 17 18 19 18 19 18 18 22 21 18 19 22 22 23 18 18 22 21 18 18 22 19 
20 18 20 21 18 21 18 18 18 18 21 17 22 22 18 18 22 18 18 18 18 18 19 21 22 22 19 20 22 18 19 17 18 18 18 18 19 18 18 18 23 23 32 2 2 2 23 10 10 19 17 1 1 1 3 9 9 9 9 9 9 17 17 17 17 21 21 18 18 21 19 22 22 22 18 18 22 19 18 19 18 18 18 19 19 19 18 21 18 18 18 22 17 22 18 17 17 17 19 18 
18 18 21 21 17 21 21 18 17 19 19 17 21 19 17 21 21 22 19 18 23 18 21 19 23 23 18 19 23 18 18 22 23 23 21 19 19 19 21 22 23 21 19 19 24 12 2 2 2 4 19 19 23 25 3 1 1 1 1 17 9 17 9 17 23 17 21 23 19 23 24 22 23 19 23 18 23 23 23 23 19 19 23 19 22 22 24 22 19 23 18 23 19 18 19 21 23 23 22 19 
22 19 25 19 23 23 18 19 23 23 23 17 23 19 23 20 19 18 19 23 19 17 23 18 19 23 28 23 24 24 23 19 23 23 22 2 24 2 2 17 4 23 13 14 17 1 1 1 1 9 9 9 9 17 17 17 21 23 23 23 23 23 23 19 23 19 23 19 23 23 24 19 23 23 21 23 23 19 23 22 22 23 23 23 18 21 21 19 21 23 23 21 19 22 23 23 18 23 22 21 
