32 30 29 31 31 29 32 28 32 32 30 30 31 29 31 28 28 32 30 29 31 31 29 32 28 28 32 30 30 31 29 31 28 28 32 30 29 31 31 29 32 17 18 19 18 19 17 17 17 17 17 17 19 17 9 9 9 9 9 19 27 26 26 26 12 18 18 9 18 9 18 27 22 24 22 18 22 21 19 14 19 17 19 17 18 18 18 17 18 18 19 18 18 17 17 18 19 17 17 17 
32 30 29 31 31 29 32 28 32 32 30 30 31 29 31 28 28 32 30 29 31 31 29 32 28 28 32 30 30 31 29 31 17 17 18 19 9 17 19 17 19 17 17 17 21 17 20 17 9 9 9 9 22 26 26 26 26 26 18 18 9 9 4 27 4 23 22 18 18 18 14 23 18 22 18 17 19 17 17 18 18 18 17 18 17 17 18 18 19 17 17 19 19 19 17 18 17 19 17 19 
32 30 29 31 31 29 32 28 32 32 30 30 31 29 31 28 28 32 30 29 31 31 29 32 17 19 18 18 9 9 17 17 17 18 19 17 18 9 9 9 9 27 26 26 26 18 18 18 16 17 17 4 28 21 18 18 22 18 17 16 17 17 18 20 18 17 18 18 17 19 17 17 17 17 17 9 17 17 17 17 19 18 17 17 19 18 17 17 17 17 17 17 18 18 17 17 17 17 18 19 
32 30 29 31 31 29 32 28 32 32 30 30 31 29 31 28 28 32 30 29 31 31 29 32 20 18 17 17 19 19 19 17 17 17 17 17 28 19 9 9 9 9 26 26 26 26 26 26 18 19 16 27 27 22 24 23 21 18 14 16 22 22 17 18 17 18 18 18 18 18 19 17 21 19 17 18 17 18 17 17 18 17 20 18 17 17 17 18 18 18 18 17 17 20 18 19 17 19 17 17 
32 30 29 31 31 29 32 28 32 32 30 30 31 29 31 28 28 32 30 29 31 31 29 32 18 18 18 18 17 19 17 17 19 19 18 17 18 17 18 17 17 17 18 18 19 18 17 18 18 18 18 18 19 17 19 18 9 9 9 18 26 26 26 18 9 18 18 26 4 26 23 18 18 18 18 18 16 18 18 18 19 20 21 19 18 18 18 18 18 18 17 17 18 17 19 20 18 21 17 17 
32 30 29 31 31 29 32 28 32 32 30 30 31 29 31 28 28 32 30 29 31 31 29 19 17 17 19 17 18 19 19 17 19 19 18 18 17 17 18 17 19 17 18 17 17 18 17 17 17 18 17 18 19 19 17 17 23 19 17 18 21 18 19 15 26 26 26 26 26 9 18 18 19 4 27 28 23 16 22 22 14 21 22 19 23 18 22 18 18 18 22 20 17 17 18 17 17 18 19 18 
32 30 29 31 31 29 32 28 32 32 30 30 31 29 31 28 28 32 30 29 31 31 29 32 17 17 19 22 18 19 21 19 18 20 18 21 20 19 9 9 9 9 25 12 26 26 26 26 9 17 9 18 27 27 26 23 19 21 19 18 19 21 20 17 18 22 19 18 22 22 18 17 19 18 18 18 17 17 19 17 19 18 18 18 18 17 17 17 19 19 18 18 17 17 17 17 17 17 17 19 
32 30 29 31 31 29 32 28 32 32 30 30 31 29 31 28 28 32 30 29 31 31 29 32 28 28 32 30 30 31 29 31 28 28 32 30 29 31 31 29 32 19 17 18 18 19 18 18 18 23 9 9 9 9 9 9 20 26 26 26 26 19 9 9 9 27 27 4 28 18 23 23 21 17 18 21 18 16 19 18 18 17 18 18 18 17 19 18 18 18 18 19 18 19 17 17 17 17 17 17 
32 30 29 31 31 29 32 28 32 32 30 30 31 29 31 28 28 32 30 29 31 31 29 18 18 17 17 18 18 18 18 17 18 16 16 18 18 18 9 9 9 9 9 9 20 26 26 26 26 26 18 17 18 27 27 27 22 24 21 21 18 16 22 19 18 17 17 19 17 18 18 17 19 17 18 18 19 18 19 19 17 19 18 18 17 18 17 9 19 20 18 18 17 17 18 19 21 17 17 19 
32 30 29 31 31 29 32 28 32 32 30 30 31 29 31 28 28 32 30 29 31 31 29 32 28 28 32 30 30 31 29 31 28 28 32 30 29 31 31 29 17 17 19 17 19 18 18 18 21 18 18 17 19 17 18 9 9 9 9 9 9 28 26 26 26 16 18 18 19 19 9 27 4 26 22 22 22 18 18 18 17 21 18 21 17 17 18 18 19 18 17 17 17 9 19 17 19 17 19 17 
