32 30 29 31 31 29 32 28 32 32 30 30 31 29 31 28 28 32 30 29 31 31 29 32 28 28 32 30 30 31 29 31 28 28 32 30 29 31 31 29 32 22 16 16 15 14 18 22 22 21 21 23 19 18 19 18 9 9 9 21 4 2 1 1 9 17 9 13 14 14 4 4 27 16 15 16 19 16 16 16 16 15 20 19 16 20 15 15 15 16 16 19 16 15 15 20 16 16 16 15 
32 30 29 31 31 29 32 28 32 32 30 30 31 29 31 28 28 32 30 29 31 31 29 32 28 28 32 30 30 31 29 31 28 28 32 30 29 31 31 29 32 28 19 19 15 16 16 16 15 14 14 14 15 15 15 15 16 15 9 9 9 26 4 1 1 1 1 9 13 10 13 13 13 4 4 4 4 16 15 15 16 16 15 15 15 16 16 15 15 15 16 15 15 15 15 20 16 15 15 16 
32 30 29 31 31 29 32 28 32 32 30 30 31 29 31 28 28 32 30 29 31 31 29 32 28 28 32 30 30 31 29 31 28 28 32 30 29 31 31 29 32 24 15 15 16 14 16 19 19 19 21 19 18 18 9 9 9 26 26 26 26 26 26 3 3 1 1 1 1 9 1 1 9 9 9 3 18 18 18 4 4 4 27 4 16 19 19 19 19 19 22 19 19 22 19 22 16 19 19 19 
32 30 29 31 31 29 32 28 32 32 30 30 31 29 31 28 28 32 30 29 31 31 29 32 28 22 19 20 18 19 18 21 18 22 21 21 19 19 9 18 12 2 2 1 1 9 9 9 9 17 4 4 4 4 4 4 19 22 19 23 23 19 22 19 19 19 22 19 19 19 19 19 22 22 22 24 19 19 19 20 18 19 19 19 19 19 18 19 19 19 19 22 19 22 19 21 22 19 21 19 
32 30 29 31 31 29 32 28 32 32 30 30 31 29 31 28 28 32 30 29 31 31 29 32 28 28 32 30 30 31 29 31 28 28 32 30 29 31 31 29 32 19 19 19 19 19 21 21 19 19 19 22 21 19 19 18 9 9 9 26 26 26 26 2 1 1 1 9 9 9 9 9 13 4 4 4 4 4 19 19 19 19 19 16 19 19 19 16 24 21 19 19 19 20 19 19 22 22 19 19 
32 30 29 31 31 29 32 28 32 32 30 30 31 29 31 28 28 32 30 29 31 31 29 32 28 28 32 30 30 31 29 31 28 28 32 30 29 31 31 29 32 28 19 19 19 21 18 21 19 18 19 21 9 9 9 26 26 4 3 1 1 1 1 9 9 9 9 9 13 13 4 4 4 4 19 23 24 19 22 22 20 20 19 19 19 19 24 19 19 22 19 19 20 19 19 20 18 21 20 19 
32 30 29 31 31 29 32 28 32 32 30 30 31 29 31 28 28 32 30 29 31 31 29 32 28 28 32 30 30 31 29 31 28 28 32 30 29 31 31 29 32 21 22 21 21 19 19 20 21 19 19 19 18 18 21 21 9 9 9 9 26 26 26 26 26 26 3 2 1 1 1 1 1 1 9 9 9 9 9 9 9 9 3 4 4 4 4 4 20 19 19 23 24 21 16 22 21 19 19 20 
32 30 29 31 31 29 32 28 32 32 30 30 31 29 31 28 28 32 30 29 31 31 29 20 21 19 18 18 18 18 18 19 19 21 21 22 16 18 19 19 21 9 9 9 9 18 26 4 4 1 1 1 1 9 9 9 9 9 9 17 4 4 4 4 4 4 4 27 19 19 20 20 19 19 21 20 19 19 22 20 20 16 19 19 18 22 22 20 19 21 24 19 19 19 20 16 19 21 19 19 
32 30 29 31 31 29 32 28 32 32 30 30 31 29 31 28 28 32 30 29 31 31 29 32 28 28 32 30 30 31 29 31 28 28 32 30 29 31 31 29 32 19 19 22 21 21 21 23 21 21 21 19 21 19 21 19 21 21 21 19 21 19 21 19 21 21 21 19 21 19 21 19 21 21 21 19 21 21 21 19 21 21 21 21 21 22 21 19 21 20 20 23 21 15 19 20 19 20 20 16 
32 30 29 31 31 29 32 28 32 32 30 30 31 29 31 28 28 32 30 29 31 31 29 32 28 28 32 30 30 31 29 31 28 28 32 30 29 31 31 29 32 28 16 14 20 16 19 22 14 20 16 16 20 15 14 9 9 4 4 3 1 1 9 9 9 9 13 9 4 4 4 4 20 16 16 16 20 15 14 16 16 20 15 15 16 20 20 16 16 20 20 15 15 15 15 20 21 16 16 14 
