22 26 25 27 27 25 21 24 21 28 26 26 27 25 28 24 24 22 26 25 27 27 25 21 24 21 28 26 26 27 25 28 24 24 22 26 25 27 27 25 21 24 6 6 6 6 7 6 14 14 8 4 14 14 8 13 18 18 18 18 29 4 19 2 2 3 3 3 3 3 3 4 4 4 4 4 7 15 15 6 13 8 8 8 8 14 21 7 14 8 14 14 13 6 8 13 8 8 14 14 
14 8 14 8 10 13 6 8 14 14 8 8 13 13 14 8 6 8 8 14 8 14 14 14 14 14 14 14 14 8 14 8 14 14 14 14 14 8 14 14 14 13 18 18 18 18 29 20 4 19 2 3 3 3 3 3 3 4 4 4 4 4 18 8 8 8 14 8 14 14 6 8 8 14 8 14 13 13 14 8 14 14 8 14 8 8 14 8 12 8 8 8 14 14 8 8 8 12 14 6 
21 12 13 13 7 15 7 8 14 14 14 14 8 8 14 21 21 8 13 14 14 14 14 6 14 24 13 14 21 14 8 14 14 14 21 14 14 18 18 18 29 29 3 19 19 2 3 3 3 3 3 4 4 4 4 4 15 13 16 8 8 14 13 12 8 13 14 14 14 8 8 14 24 14 14 8 14 8 5 3 7 3 3 3 3 5 3 5 5 6 5 5 7 6 13 6 8 8 8 14 
6 6 13 8 13 8 14 8 14 14 14 14 8 8 14 22 8 14 6 14 8 8 8 16 14 14 24 14 8 14 14 8 14 14 14 14 8 18 18 18 18 29 7 19 2 2 3 3 3 3 3 4 4 4 4 4 18 8 8 14 8 14 14 14 14 8 13 8 14 14 14 8 14 14 8 14 14 8 8 14 14 24 8 8 8 14 8 14 8 14 13 14 6 14 21 14 14 8 8 8 
8 8 8 14 6 8 13 13 8 14 14 13 8 21 14 14 14 6 8 14 8 14 8 8 8 12 8 26 8 6 8 8 14 8 6 18 18 18 18 29 7 19 2 3 3 3 3 3 3 4 4 4 4 4 6 8 8 8 14 13 14 8 13 6 16 14 14 8 14 8 12 12 14 16 8 14 14 8 14 14 8 14 14 14 14 14 8 12 8 14 8 14 8 8 14 8 8 6 14 8 
21 8 14 7 6 13 13 14 8 7 16 8 14 13 8 14 14 8 8 14 14 8 12 6 8 8 8 14 14 14 14 18 18 18 29 29 7 19 2 2 2 3 3 3 3 4 4 4 4 4 15 16 16 16 14 14 13 14 14 14 8 14 8 8 14 8 14 8 14 8 14 12 14 8 6 7 8 8 8 14 8 14 8 14 14 8 12 21 22 14 22 8 8 8 16 16 14 8 8 8 
8 8 14 24 24 15 15 8 8 16 14 16 14 16 24 15 16 8 8 14 16 16 16 8 8 8 16 13 16 26 8 15 16 16 21 14 24 16 16 8 24 16 16 18 18 18 29 29 20 19 19 2 2 3 3 3 3 4 4 4 4 4 15 15 24 24 8 24 16 24 24 24 8 8 8 16 16 8 16 16 16 21 21 24 8 8 8 8 8 15 21 21 16 24 8 8 21 21 16 21 
16 16 16 15 14 8 14 14 8 16 16 24 16 21 8 16 15 15 16 8 16 15 16 16 15 16 8 8 16 16 8 18 18 29 29 20 3 19 2 3 3 3 3 3 4 4 4 4 4 15 15 8 24 16 16 14 16 8 14 8 13 8 8 8 16 16 13 21 16 16 14 16 16 8 8 8 8 15 8 8 14 8 16 14 15 16 13 8 15 16 12 24 8 15 8 15 15 13 15 8 
7 13 15 14 13 8 13 8 24 6 15 14 16 15 8 8 15 15 15 8 8 16 16 24 13 8 8 8 15 8 18 30 29 29 29 20 19 2 3 3 3 3 3 3 4 4 4 4 4 15 15 15 8 16 15 16 8 8 16 16 8 16 16 8 8 14 16 14 16 16 13 8 13 15 15 8 8 8 15 8 8 8 16 8 15 8 15 16 16 16 8 15 15 14 8 14 14 8 13 8 
16 15 13 8 8 13 8 14 8 15 16 15 16 16 8 24 15 8 8 8 14 13 15 16 8 8 14 16 14 13 8 8 15 14 24 15 16 15 16 16 8 8 8 18 18 29 29 7 7 2 2 2 3 3 3 3 5 4 4 4 4 4 8 15 8 15 15 8 14 8 8 13 8 15 14 8 8 14 8 15 6 6 15 13 6 13 8 13 13 8 7 8 13 8 16 15 15 8 15 21 
