9 9 9 21 10 10 10 9 10 21 21 10 21 9 9 9 9 9 9 9 9 9 9 9 9 9 9 9 9 9 9 9 10 9 9 9 9 10 16 9 17 18 4 22 18 18 10 10 9 9 9 9 9 9 9 18 17 18 26 26 22 26 26 26 9 9 10 10 10 10 9 10 9 9 14 9 9 19 20 10 10 10 9 9 9 9 9 9 9 9 9 19 20 20 17 18 19 18 17 18 
10 10 10 8 10 10 10 10 10 10 7 8 8 3 10 10 10 10 13 13 13 17 7 10 10 17 9 9 9 9 21 18 14 3 13 13 13 21 13 13 13 21 5 5 20 18 20 14 16 22 22 19 10 10 10 10 14 9 16 13 14 17 10 21 17 21 21 21 21 18 19 21 14 17 21 17 21 21 19 19 18 19 19 14 21 22 22 22 21 21 21 22 19 21 21 9 9 9 17 9 
10 10 10 21 10 18 10 18 21 21 21 21 21 21 17 21 10 21 9 10 10 21 3 10 17 19 25 27 25 21 9 18 22 9 10 9 10 9 10 10 9 10 10 10 10 10 10 9 10 10 10 10 10 10 10 10 10 10 21 21 18 18 17 18 20 20 19 18 20 18 20 16 16 18 18 18 18 22 22 22 19 21 10 10 10 10 10 10 10 10 10 9 18 9 9 9 25 25 25 25 
26 25 24 24 18 12 10 10 10 10 9 9 9 9 9 9 21 9 22 9 18 10 10 10 9 10 9 9 10 21 21 21 21 12 4 22 21 4 21 18 18 17 21 21 10 10 21 10 10 18 21 10 10 10 10 10 10 10 10 9 19 26 9 25 25 25 26 9 10 10 10 10 10 9 10 9 9 9 9 9 9 10 9 9 10 10 10 10 10 10 10 10 10 10 10 18 13 13 21 13 
22 22 21 9 9 9 9 9 9 3 3 3 3 3 3 3 3 10 10 17 18 20 21 10 9 26 26 26 26 26 26 26 26 26 26 25 26 26 25 25 25 25 9 9 9 19 9 9 9 9 9 9 9 9 9 10 10 10 10 9 9 9 9 10 10 10 10 10 3 3 8 26 9 9 9 6 9 5 5 5 6 6 12 10 12 12 21 18 12 12 12 12 12 12 12 12 12 12 10 21 
21 22 21 21 18 21 18 18 21 22 17 21 10 21 10 10 10 10 10 10 10 10 10 10 10 10 10 10 21 9 9 9 9 9 9 9 21 18 12 10 10 21 21 21 10 10 10 10 21 21 21 18 21 21 18 18 21 21 22 22 4 22 22 22 22 22 22 22 22 18 20 20 20 3 12 9 6 5 3 10 10 10 10 10 10 21 9 9 10 10 10 10 14 21 13 10 9 9 9 9 
10 9 10 10 10 10 21 3 21 21 10 10 10 10 10 10 10 10 10 10 10 10 10 10 10 10 10 10 10 10 10 9 9 3 6 3 3 9 9 10 10 10 10 10 10 10 10 10 10 10 10 10 10 10 21 9 9 9 9 3 10 10 10 10 10 10 10 21 17 21 17 18 18 18 12 12 12 12 12 12 12 18 18 14 18 20 8 8 10 12 12 9 9 9 9 9 9 12 10 10 
10 10 10 21 21 21 18 21 18 22 21 18 21 2 18 18 18 21 18 19 18 21 18 18 18 19 18 22 18 18 19 18 21 21 16 17 12 3 8 10 10 7 8 7 10 10 10 7 7 7 7 7 7 10 10 10 10 10 10 10 21 10 10 10 10 10 10 10 10 10 10 10 10 10 10 10 10 10 10 10 10 10 10 10 10 10 10 10 10 10 10 10 3 3 10 10 9 9 9 9 
18 18 21 21 10 10 7 7 7 7 10 10 9 25 9 18 21 10 10 10 21 17 10 10 10 21 18 21 19 18 22 18 20 18 17 18 19 22 18 2 1 1 10 10 3 3 10 3 3 3 3 10 10 9 9 9 10 9 9 10 3 7 7 7 10 10 10 10 10 10 10 10 10 10 3 3 3 18 21 21 21 21 17 19 17 18 19 22 17 19 19 19 19 19 19 18 18 22 20 20 
21 10 10 3 3 10 10 10 10 3 8 8 10 17 9 9 10 9 10 10 10 10 9 10 10 9 10 10 10 10 10 21 18 9 26 10 10 13 10 10 10 12 12 12 10 21 9 11 21 18 21 10 10 10 21 12 21 21 12 10 9 26 27 26 25 26 26 9 9 26 26 21 17 9 10 10 10 10 10 10 13 21 10 9 9 9 9 9 9 9 9 18 18 6 18 18 18 10 18 19 
