32 30 29 30 23 23 23 24 22 24 23 23 23 22 24 24 22 24 23 23 24 24 24 24 15 22 23 22 24 24 22 28 24 23 23 24 24 24 23 24 23 23 24 22 24 23 21 22 21 24 23 32 8 10 10 12 25 25 19 19 18 19 17 27 27 27 27 24 24 24 24 24 23 22 23 22 23 23 24 24 23 23 24 23 24 23 23 23 23 24 32 23 23 23 24 24 24 23 23 24 
32 30 29 30 24 24 23 24 23 23 24 24 24 23 24 23 24 23 24 24 30 24 24 24 24 24 23 24 24 24 23 24 24 23 24 24 24 24 24 23 24 24 23 23 24 24 24 24 23 24 24 24 24 24 8 8 10 10 27 12 25 19 19 19 17 17 27 27 27 27 28 24 28 23 24 23 18 23 24 24 24 23 23 24 24 24 24 24 23 23 24 24 23 24 23 24 23 24 23 24 
32 30 29 31 23 24 24 23 23 24 24 23 24 23 23 23 23 24 24 24 22 23 24 4 32 10 20 12 12 12 12 19 18 19 17 27 27 27 27 28 24 24 22 24 22 22 23 23 21 21 24 22 23 23 23 23 23 23 23 24 24 23 23 24 24 23 20 23 23 23 23 18 23 23 23 23 23 24 23 23 23 23 23 23 24 23 23 23 23 23 23 23 22 23 23 23 23 24 23 23 
32 30 29 32 24 22 20 24 23 24 23 23 21 23 23 23 24 8 8 8 10 12 12 26 19 19 17 17 24 27 27 27 24 24 23 23 23 24 21 23 23 24 23 23 23 23 23 22 24 23 24 23 23 23 23 23 23 24 23 23 22 23 23 23 23 23 23 23 16 24 23 23 18 19 23 23 22 23 24 24 23 24 23 23 23 23 23 23 23 23 23 23 23 23 23 23 23 24 18 23 
32 30 29 30 24 24 24 23 24 24 24 24 24 24 24 24 24 24 24 24 24 24 24 24 24 24 24 24 24 24 24 24 4 30 10 12 12 25 25 19 19 19 17 17 27 27 27 27 27 24 32 24 24 24 24 24 24 24 24 24 24 24 24 24 24 24 24 24 24 24 24 24 24 24 24 24 24 24 24 24 24 23 24 24 24 24 24 24 24 24 24 24 24 24 24 24 23 24 24 24 
32 30 29 32 24 24 24 24 24 24 24 24 24 24 24 24 24 24 27 10 10 20 12 12 20 19 18 19 17 19 27 27 27 28 24 24 24 24 24 24 24 24 24 24 24 24 24 24 24 24 24 24 24 24 24 24 24 24 24 24 24 24 24 24 24 24 24 24 24 24 24 24 24 24 24 24 24 24 24 24 24 24 24 24 24 24 24 24 24 24 24 24 24 24 24 24 24 24 24 24 
32 30 29 31 24 24 23 23 24 24 23 24 24 24 24 24 24 24 24 24 8 8 10 20 12 12 25 19 19 18 19 19 27 27 27 27 28 24 23 24 24 24 24 24 24 16 24 24 23 24 24 24 24 24 24 24 23 23 23 24 24 24 24 24 24 23 24 24 23 23 24 24 24 23 23 24 24 22 23 23 24 24 24 24 24 23 23 23 23 24 23 24 23 24 24 23 24 24 23 24 
32 30 29 32 24 23 22 23 24 24 24 24 24 24 24 24 24 24 24 24 24 24 23 24 24 24 23 24 24 24 24 24 24 24 24 24 24 24 24 24 24 24 24 24 23 23 24 8 24 24 23 23 23 32 10 10 12 12 12 19 19 19 17 17 27 27 27 27 27 24 24 24 23 24 24 24 24 23 24 21 22 24 24 23 24 20 24 24 24 23 24 23 23 23 24 24 23 24 24 24 
32 30 29 30 24 23 22 23 24 24 24 22 24 24 21 24 24 24 24 24 23 24 24 24 23 24 24 24 24 24 24 21 24 24 24 24 24 24 24 24 24 24 24 24 23 23 24 23 24 24 8 8 10 4 20 20 25 19 19 19 17 19 27 27 27 27 24 24 24 24 24 24 23 23 23 23 24 24 24 23 24 23 24 24 24 24 23 23 23 23 24 24 23 24 23 23 23 24 24 23 
32 30 29 32 24 24 24 24 23 24 24 23 24 24 24 20 24 24 24 24 24 24 24 24 24 24 24 24 24 24 24 22 24 24 24 24 21 24 24 24 24 24 24 24 24 24 24 24 24 23 8 24 10 10 20 20 25 25 9 19 19 19 20 27 27 27 24 24 24 20 23 24 24 24 24 23 23 24 24 24 16 24 23 23 23 24 24 23 24 23 23 24 24 24 24 16 23 23 24 24 
