32 30 29 31 22 21 19 16 16 16 23 22 22 16 16 22 22 8 8 8 9 8 7 7 7 7 7 7 1 9 9 9 9 9 9 9 9 13 13 17 17 19 16 16 16 21 21 21 16 16 16 21 16 22 16 16 16 22 24 16 22 16 16 22 18 20 21 16 16 22 20 22 16 16 16 21 20 16 22 16 16 17 21 21 16 16 16 22 22 22 16 16 16 22 21 24 22 16 22 23 
32 30 29 31 22 21 21 16 16 22 18 22 21 16 16 21 21 20 21 16 16 22 12 20 22 16 16 16 22 23 16 16 16 21 23 18 22 16 16 18 20 22 21 16 16 16 16 21 22 16 16 22 16 20 22 22 20 16 22 22 20 8 8 8 8 2 7 7 7 7 7 7 7 9 9 9 9 9 9 9 9 9 9 9 17 19 19 21 21 16 20 16 21 20 20 16 16 20 22 18 
32 30 29 31 20 21 21 19 21 18 23 19 18 18 18 18 17 19 23 10 9 10 8 7 7 7 7 7 9 9 9 9 9 9 9 9 9 9 9 9 17 17 19 19 18 19 17 19 19 17 19 17 17 19 18 19 18 17 18 17 17 19 17 17 19 17 19 19 17 19 17 18 19 19 17 18 18 17 17 19 18 18 21 17 18 17 17 17 17 19 21 21 19 19 19 17 17 19 19 18 
32 30 29 31 22 16 21 15 18 22 16 21 22 22 22 22 22 8 8 10 10 10 8 7 7 7 7 7 7 7 9 9 9 9 9 9 9 9 17 17 18 17 21 21 16 21 21 21 21 22 20 22 22 24 22 22 21 22 22 22 22 20 22 18 22 22 21 21 21 21 20 20 22 18 23 20 22 21 22 21 18 22 22 20 22 22 22 20 20 22 20 22 22 31 20 20 23 20 21 22 
32 30 29 31 21 23 22 20 22 21 22 22 22 12 22 21 21 22 22 8 8 8 2 7 7 7 7 7 7 7 1 1 9 9 9 9 9 9 9 17 21 17 18 18 21 22 22 24 22 21 20 21 20 23 22 18 20 22 21 20 22 22 20 21 20 21 22 22 21 21 22 21 22 22 22 20 22 22 23 22 22 20 23 22 21 23 24 20 21 18 22 18 23 22 21 19 22 22 22 21 
32 30 29 31 22 22 18 16 22 23 21 22 22 22 16 24 22 24 22 8 8 8 8 8 8 7 7 7 7 7 7 7 1 9 9 9 9 9 9 9 17 17 17 18 21 22 22 18 22 22 22 22 21 22 20 22 22 28 16 21 22 22 22 21 22 22 22 21 22 22 22 21 23 22 21 19 21 22 22 21 18 23 21 22 22 18 22 22 16 18 22 22 17 22 22 20 22 22 22 22 
32 30 29 32 18 18 21 22 22 22 22 8 22 22 20 23 8 8 8 8 8 7 7 7 7 7 7 7 9 9 9 9 9 9 9 9 17 17 17 17 18 23 22 21 17 16 22 22 22 22 22 22 18 22 22 22 19 22 22 24 22 21 22 22 22 21 22 20 22 22 22 22 20 22 22 22 20 22 22 16 23 18 21 20 28 21 22 18 21 22 23 22 21 21 22 22 22 22 22 22 
32 30 29 30 24 23 21 18 22 23 23 21 22 18 22 8 8 10 10 10 10 8 7 7 7 7 7 7 7 7 7 7 7 7 9 7 9 9 9 9 9 9 9 9 17 17 17 19 22 22 18 22 18 18 22 18 18 18 18 21 18 21 21 22 18 21 22 18 16 21 22 22 20 18 22 22 20 21 18 18 22 22 22 18 18 21 21 18 23 21 18 18 22 21 21 18 22 18 18 23 
32 30 29 31 17 18 18 22 18 22 21 22 32 22 8 31 10 10 10 8 7 7 7 7 7 7 7 7 7 7 7 7 9 9 9 9 9 9 9 9 9 9 17 17 17 17 21 22 21 22 22 20 22 16 21 22 22 20 21 22 22 18 18 24 21 22 20 21 22 22 22 22 22 21 18 22 22 22 22 22 22 17 22 22 21 22 22 18 21 22 22 21 18 22 20 18 18 22 22 20 
32 30 29 31 18 22 18 18 20 8 18 22 23 22 8 8 8 10 10 2 8 7 7 7 7 7 7 7 7 7 7 9 9 9 9 9 9 9 9 9 9 17 17 16 18 18 16 22 17 21 21 22 23 20 18 22 22 18 21 21 21 20 18 22 18 21 21 20 18 21 22 21 21 22 21 22 22 22 22 18 21 22 21 18 18 21 18 18 18 19 18 21 18 23 18 22 20 18 18 22 
