32 30 29 31 29 31 28 28 32 30 29 31 31 29 29 28 15 9 9 10 17 24 27 26 26 26 26 26 22 22 21 23 22 21 22 21 22 22 22 21 16 22 21 16 16 29 27 31 27 27 27 27 27 12 30 24 32 32 16 24 24 21 16 24 22 21 21 21 21 21 22 21 21 22 21 21 21 23 16 16 21 21 21 22 16 22 21 22 21 21 21 21 21 21 21 22 21 21 21 21 
29 32 30 31 29 32 28 28 32 30 29 31 31 29 32 28 14 21 22 22 16 21 21 21 21 22 21 20 20 27 27 31 27 27 27 27 27 19 12 30 30 16 24 20 24 24 24 22 22 22 22 22 21 21 21 21 21 23 21 16 21 22 21 18 22 21 21 21 21 21 21 21 22 21 21 22 21 18 21 22 22 22 22 21 21 16 22 21 18 21 22 21 21 21 21 16 22 22 24 16 
32 30 29 31 29 31 28 28 32 30 29 31 31 29 29 28 21 21 21 21 21 21 21 21 22 22 24 20 20 27 27 31 27 27 27 27 27 20 12 29 24 24 22 24 24 24 24 24 16 24 22 21 21 21 21 20 21 21 23 22 15 21 21 22 21 22 22 21 21 21 21 21 21 21 21 21 21 22 16 21 20 22 21 16 22 21 21 21 21 21 22 22 21 20 21 21 21 21 22 21 
29 32 30 31 29 32 28 28 32 30 29 31 31 29 32 28 21 21 21 21 22 21 21 12 20 24 27 27 27 27 27 27 27 19 24 24 24 30 24 20 20 20 16 24 15 21 22 21 16 21 21 21 21 21 22 22 21 22 22 16 21 21 23 21 21 22 22 21 21 21 21 21 20 21 21 23 22 21 21 21 22 21 21 16 16 21 21 22 21 21 21 20 21 20 21 22 21 16 21 21 
32 30 29 31 29 31 28 28 32 30 29 31 31 29 29 28 21 21 21 21 21 21 21 16 16 21 20 20 31 29 24 27 31 27 27 27 20 16 29 29 30 22 16 20 22 16 24 22 22 22 22 22 16 22 21 21 21 20 22 23 16 21 21 21 21 24 22 21 20 21 21 21 21 21 21 21 21 22 21 21 21 16 20 22 21 22 21 22 20 21 24 21 21 22 21 21 21 21 16 21 
32 30 29 31 29 31 28 28 32 30 29 31 31 29 29 28 21 21 21 21 16 21 21 22 16 20 24 27 27 27 27 27 27 27 12 12 24 24 24 20 24 24 24 24 24 22 22 21 21 21 21 21 21 22 21 22 21 21 21 20 21 21 21 21 21 21 21 16 21 21 21 24 21 21 22 21 21 21 22 22 21 21 21 21 16 21 21 21 21 21 21 22 23 22 21 23 21 16 21 21 
32 30 29 31 29 31 28 28 32 30 29 31 31 29 29 28 21 16 21 21 21 21 24 22 22 24 12 15 24 27 27 27 27 27 27 27 22 24 30 27 30 20 16 16 24 24 24 24 22 22 21 22 21 21 21 16 21 16 21 21 21 21 21 21 21 21 21 21 22 16 21 21 21 21 20 21 22 21 22 21 21 20 21 21 22 23 21 21 22 16 22 16 21 21 21 21 21 21 21 21 
32 30 29 31 29 31 28 28 32 30 29 31 31 29 29 28 21 21 16 21 21 21 21 16 16 21 21 21 21 21 21 21 21 21 22 22 21 17 20 20 27 27 27 27 27 27 27 27 26 12 24 24 24 24 24 24 22 24 24 22 16 21 21 21 21 21 21 21 21 21 21 21 21 21 21 21 22 21 21 21 21 21 21 21 21 21 21 21 23 22 16 21 21 22 16 21 23 21 22 22 
32 30 29 31 29 31 28 28 32 30 29 31 31 29 29 28 15 21 21 21 16 21 21 21 16 16 16 21 18 21 21 12 20 24 27 27 27 27 27 27 27 8 16 30 24 16 16 24 16 24 20 22 22 24 22 21 20 21 21 21 21 15 21 21 21 22 16 21 21 21 20 22 21 24 21 21 20 21 16 21 22 21 21 21 24 21 22 21 21 21 22 21 21 21 21 21 21 21 22 23 
32 30 29 31 29 31 28 28 32 30 29 31 31 29 29 28 21 21 21 21 16 21 21 21 21 28 23 22 21 17 19 10 20 30 27 27 27 27 27 24 27 12 12 24 24 16 20 24 24 22 24 24 22 16 21 22 16 22 21 22 19 21 21 21 21 16 23 21 21 21 16 21 21 22 21 22 21 21 21 21 21 21 21 21 22 22 21 21 21 21 21 23 21 22 16 21 16 21 22 22 
