32 30 29 31 31 29 32 28 32 32 30 30 31 29 31 28 28 32 30 29 31 31 29 32 28 28 32 30 30 31 29 31 28 28 32 30 29 31 31 29 32 22 16 16 16 16 16 16 16 15 16 16 16 24 4 4 16 16 16 24 16 26 26 26 26 26 26 26 26 26 26 26 18 18 10 10 10 10 10 10 10 14 14 14 15 16 22 16 16 16 21 16 15 15 16 16 16 15 16 16 
32 30 29 31 31 29 32 28 32 32 30 30 31 29 31 28 28 32 30 29 31 31 29 32 30 15 16 22 16 16 14 15 16 18 16 15 15 31 16 15 15 16 19 26 25 26 26 26 26 26 26 2 2 10 13 13 17 16 14 14 16 16 15 15 20 20 15 15 15 22 16 16 15 16 20 15 15 15 22 16 15 15 16 21 16 15 16 16 16 16 16 16 16 19 14 15 16 21 22 16 
16 15 15 16 16 19 16 16 16 21 22 15 15 16 16 16 14 14 16 16 16 15 16 21 16 16 15 16 22 16 16 16 22 16 15 15 16 16 14 16 16 19 16 16 16 16 21 16 16 15 16 19 16 15 16 16 22 16 15 15 16 16 14 16 16 16 15 15 16 21 15 15 16 14 22 15 15 16 4 26 26 26 26 25 3 3 9 9 9 13 13 13 9 14 13 14 16 16 14 15 
16 15 16 16 22 21 16 15 16 16 21 16 16 16 16 19 16 16 15 16 21 16 15 16 16 16 16 15 16 16 21 16 16 15 16 16 15 15 16 16 16 15 15 16 20 16 15 15 16 16 16 16 16 16 16 16 15 16 15 16 14 16 16 21 22 16 16 15 16 20 15 16 16 20 27 15 15 16 19 25 6 6 6 12 25 12 12 9 10 10 13 13 13 13 14 13 16 21 16 15 
32 30 29 31 31 29 32 28 32 32 30 30 31 29 31 28 28 32 30 29 31 31 29 32 28 28 32 30 30 31 29 31 28 28 32 30 29 31 31 29 32 28 16 16 16 14 15 16 16 15 15 15 14 21 15 14 15 19 22 15 15 16 26 19 6 6 6 26 26 26 25 25 26 3 3 3 9 10 10 13 13 13 14 14 14 16 12 15 15 14 14 16 15 14 15 20 19 15 15 15 
32 30 29 31 31 29 32 28 32 32 30 30 31 29 31 28 28 32 30 29 31 31 29 32 19 19 16 15 14 14 14 14 16 16 15 14 15 19 16 15 15 15 20 16 15 15 6 25 6 6 26 6 26 25 25 4 12 3 3 13 10 9 9 13 14 14 14 16 16 15 15 15 16 16 15 15 15 16 16 14 15 15 20 15 15 15 15 16 15 15 15 16 16 16 15 15 16 16 15 15 
16 15 16 16 16 16 15 15 16 16 15 15 14 20 16 15 15 15 16 15 16 15 15 16 16 16 15 15 15 16 15 15 15 16 20 15 15 15 16 19 15 15 15 16 20 14 15 15 15 16 15 31 26 26 6 26 26 26 26 26 2 18 9 9 10 13 13 13 13 14 14 14 16 17 15 15 15 16 14 15 15 15 15 15 15 15 16 16 15 15 16 16 16 15 15 15 16 15 15 15 
32 30 29 31 31 29 32 28 32 32 30 30 31 29 31 28 28 32 30 29 31 31 29 32 28 28 32 30 30 31 29 31 28 28 32 30 29 31 31 29 32 14 15 15 21 16 16 15 15 14 30 15 15 15 15 22 16 15 15 15 19 28 6 6 26 6 6 12 12 9 9 10 13 9 13 9 13 14 13 14 18 15 15 15 16 14 15 15 15 20 15 15 15 15 16 15 15 16 16 16 
32 30 29 31 31 29 32 28 32 32 30 30 31 29 31 28 28 32 30 29 31 31 29 32 28 28 32 30 30 31 29 31 28 28 32 30 29 31 31 29 32 28 16 16 16 19 16 15 15 15 30 15 15 15 16 16 15 15 16 26 26 26 26 26 27 4 3 9 13 10 13 19 14 14 14 16 16 16 15 15 15 16 16 15 16 15 16 16 15 15 16 16 16 16 15 15 16 22 20 15 
32 30 29 31 31 29 32 28 32 32 30 30 31 29 31 28 28 32 30 29 31 31 29 32 19 15 16 15 16 16 14 15 16 16 15 30 15 15 16 15 15 16 14 26 26 26 26 26 26 26 4 3 10 10 13 10 10 13 14 14 14 14 16 15 15 15 32 15 15 15 15 16 15 14 15 16 16 15 15 15 16 15 15 15 16 16 15 15 15 16 16 15 15 15 16 20 15 15 16 16 
