32 30 29 28 18 18 18 18 18 18 22 22 22 18 22 18 21 18 22 22 12 16 15 2 16 30 18 18 1 17 9 9 2 8 10 17 17 17 17 17 17 17 18 18 20 18 18 21 18 19 18 18 18 18 19 18 18 18 19 23 16 18 18 18 18 22 20 18 18 19 18 18 18 18 18 18 18 22 18 18 22 22 18 18 18 22 22 18 18 18 18 18 18 18 19 18 19 17 18 18 
32 30 29 31 18 19 28 22 18 20 18 18 22 8 8 2 2 9 9 9 14 8 8 19 17 17 17 17 17 17 17 18 21 18 18 18 19 18 21 18 18 19 20 18 19 20 18 21 18 22 18 18 18 18 18 20 19 17 18 18 17 17 19 18 21 17 16 18 18 18 14 18 17 18 18 17 18 19 18 19 18 18 18 19 19 21 19 18 18 18 17 18 17 19 18 18 18 18 17 18 
32 30 29 31 23 18 18 18 15 22 22 22 23 20 23 16 18 22 22 22 8 8 8 2 9 9 9 9 8 8 10 9 9 9 9 9 9 9 9 17 17 17 23 22 23 21 22 18 22 20 21 21 22 24 16 22 22 22 24 22 18 22 21 22 18 21 22 20 22 22 22 22 20 21 22 22 22 22 23 22 22 22 20 22 22 23 22 22 22 22 22 22 22 22 22 22 20 23 22 22 
32 30 29 31 22 23 23 21 18 20 21 21 20 21 22 22 20 18 20 21 18 22 7 8 8 8 9 9 9 9 9 7 7 10 9 9 9 9 9 9 9 17 17 17 19 23 21 18 22 21 21 23 20 18 21 20 18 18 20 18 23 18 20 19 17 23 23 19 18 21 21 18 22 21 17 18 22 23 21 18 21 22 24 22 18 18 19 18 19 22 22 19 18 20 16 18 18 22 18 21 
32 30 29 32 22 23 23 22 22 21 22 22 23 31 20 20 21 21 18 2 8 8 2 9 9 9 9 9 8 8 8 8 9 9 9 9 9 17 17 17 19 18 18 23 18 18 22 18 23 23 18 18 22 22 18 18 23 18 21 22 23 16 18 18 20 18 16 18 22 18 23 22 22 22 22 18 22 18 23 18 22 22 23 18 18 23 22 18 21 22 22 18 18 22 18 18 18 23 18 23 
32 30 29 31 22 18 23 24 22 23 22 18 18 22 24 22 22 16 22 21 22 22 16 16 23 24 24 22 16 16 8 8 8 8 9 9 9 9 7 8 10 9 9 9 9 9 9 9 9 9 9 13 17 18 18 22 21 16 16 18 23 22 23 16 16 23 20 23 21 16 22 22 22 23 16 16 22 16 23 18 22 16 22 20 23 23 16 16 21 22 21 23 16 19 22 22 16 23 22 18 
32 30 29 20 16 18 22 16 16 16 22 23 24 16 16 16 23 16 23 16 8 8 8 7 8 9 9 9 9 7 8 8 9 9 9 9 9 9 9 9 9 9 13 13 19 19 22 22 16 22 16 23 23 22 22 22 22 21 18 23 16 16 22 22 21 16 16 24 22 22 22 16 22 22 22 22 16 16 16 16 22 22 16 16 22 18 16 16 16 22 22 22 19 16 16 16 22 22 23 16 
32 30 29 30 21 22 18 16 22 16 16 22 16 16 22 16 21 22 16 16 16 22 8 8 8 8 9 9 9 9 8 8 8 8 9 9 9 9 9 9 9 9 9 17 16 16 16 18 22 22 16 16 16 20 18 22 16 16 22 21 23 23 22 16 16 22 18 18 16 16 21 22 22 16 16 16 18 18 16 16 16 16 22 16 18 16 16 22 18 22 18 16 16 16 16 23 22 16 16 18 
32 30 29 28 21 21 18 16 27 24 22 23 22 16 16 16 8 8 8 8 9 9 9 9 9 7 8 5 9 9 9 9 9 9 9 17 17 19 16 16 16 16 22 21 16 16 16 16 16 24 22 16 16 22 21 22 16 16 16 32 16 20 16 16 22 22 21 21 16 16 16 22 21 22 16 16 16 16 20 21 16 16 21 21 22 22 16 16 16 16 22 16 16 16 22 21 22 20 16 22 
32 30 29 32 22 18 16 16 16 22 16 16 16 16 18 22 22 18 16 8 8 8 8 9 9 9 9 9 2 7 10 10 9 9 9 9 9 9 9 17 19 13 16 21 22 22 22 16 16 16 22 18 23 16 16 22 16 16 22 16 16 16 16 22 23 22 16 16 16 20 16 16 16 16 22 18 22 22 16 24 18 18 20 16 16 16 16 16 16 16 16 18 20 16 20 16 16 16 22 22 
