3.382615 0.845485 2.472780 2.953404 2.195171 2.708128 1.373220 -0.317654 0.423570 0.793860 0.213756 -0.003589 
3.823052 2.193622 3.862234 2.701383 0.597537 0.928636 0.086257 -0.816870 0.462937 0.022174 0.008303 0.034003 
3.548300 2.510804 2.964025 2.877576 2.134999 1.515475 1.258191 0.424891 0.048048 0.005248 0.009115 -0.026608 
3.006192 2.344842 2.387932 2.097087 2.014170 1.632438 1.419807 0.894622 0.759186 0.497341 0.234577 0.047070 
2.908469 1.655065 1.714272 1.285315 1.930120 2.348389 2.832859 0.817532 0.241951 0.091749 0.000014 0.015512 
3.473315 0.498675 1.818722 0.578553 0.550354 2.550379 1.559407 0.192377 0.598506 -0.266954 -0.353828 -0.026420 
2.817659 1.549811 1.644727 1.253344 0.644481 1.688573 1.647837 1.479948 1.184821 0.004584 0.032500 -0.053475 
2.696202 0.615787 1.495838 0.705984 0.068606 0.536776 1.842174 1.768991 0.373754 -0.283683 -0.086166 -0.070598 
2.763304 1.736271 1.927566 1.289526 2.653260 0.684553 1.420971 1.156971 0.740388 0.464792 0.140981 0.032963 
2.509674 1.090366 1.452891 0.410918 1.440511 -0.594077 0.620929 0.754611 0.199733 -0.098895 -0.267199 -0.021741 
2.419788 1.122333 1.650417 0.368368 2.346169 -0.138891 0.820534 0.582623 -0.042315 0.458691 -0.088473 -0.003785 
2.489053 1.104172 1.456097 0.158351 1.938787 -0.775981 0.264606 0.077231 -0.339245 0.204107 -0.232148 -0.031869 
2.444568 1.514801 1.852846 1.027554 1.764899 0.608680 1.084031 0.425375 0.647561 0.193463 0.136849 0.012937 
2.113548 1.129476 1.475621 0.440235 1.180680 0.001052 0.917177 0.290609 0.367345 0.176633 0.130069 0.013604 
2.094805 1.179230 1.406531 0.381284 1.507257 0.659793 1.010046 -0.090073 0.207544 0.093064 0.162469 0.015527 
2.159314 0.885131 1.169471 0.512620 1.354874 0.304174 0.516475 -0.203978 0.646376 0.096939 0.102522 0.014732 
2.215396 0.277405 0.708904 -0.189252 2.004348 -0.482407 0.205088 0.895928 0.132769 0.283561 -0.023648 0.003808 
2.278618 0.281095 0.551695 0.174738 1.428691 -0.324619 0.369431 0.580740 0.665931 0.069632 0.007860 0.023773 
2.556710 0.877305 1.259062 0.775021 2.229798 0.055955 0.446510 0.377463 0.421129 0.189402 -0.068679 -0.004271 
2.357612 0.398238 0.589124 0.102104 1.567903 -0.264382 0.317768 0.019582 0.265492 0.138573 0.024843 0.019512 
2.996554 1.312129 1.522056 0.351670 1.171598 -0.960154 -0.195160 -0.530943 -0.311537 -0.223607 -0.249245 -0.052000 
2.810069 1.247346 1.635965 0.674956 1.543889 -0.116927 0.465869 -0.196506 -0.112429 -0.130347 -0.168401 -0.041545 
4.469352 1.576931 2.436307 1.596342 -0.464634 -0.799858 -0.308941 0.725512 0.765899 0.140923 0.188569 0.055876 
3.425884 1.326374 1.387505 -0.193356 0.121502 -1.540212 -0.216892 0.058355 0.100083 -0.043321 -0.163367 -0.020464 
-0.999349 0.739749 1.554725 -0.083679 1.072379 -1.075541 2.553726 0.634057 -0.354482 0.101653 -0.280412 -0.050378 
0.076427 -0.922107 -1.061805 -0.968809 -0.125879 -0.537322 2.035136 0.855897 -0.312924 -0.054396 -0.091606 -0.008247 
-0.114618 0.120324 -0.605422 0.347095 -0.712237 0.847838 0.171033 1.162004 0.691915 -0.438110 0.238797 -0.106989 
-0.948942 0.598379 -0.639608 0.355324 -0.241996 0.010555 1.059167 0.288594 1.030893 -0.550982 0.090739 -0.093595 
0.513435 0.170614 0.285922 0.190693 -0.118054 -0.119869 0.353569 -0.489001 0.632235 0.348941 0.074831 0.003984 
0.108495 0.350608 0.185126 -0.048039 -0.017945 0.314191 -0.074679 -0.057124 0.250719 0.197300 0.122626 0.001186 
0.060743 0.089839 -0.122634 -0.138021 0.104476 0.010589 -0.362202 0.152891 -0.166145 0.064000 0.028203 -0.014239 
-0.001370 0.043858 0.146273 0.078886 -0.162116 0.020446 0.187459 0.057090 -0.231204 0.051173 -0.048338 -0.003885 
