2.867595 1.347595 2.853607 2.584897 2.689611 2.745009 1.161955 -0.674769 1.177238 0.571817 -0.073686 0.010757 
4.004415 0.854122 1.814252 0.919314 1.175191 2.542949 0.881874 -0.046882 0.588786 -0.147915 -0.445917 -0.060058 
2.864750 1.650676 3.195975 1.451755 0.713232 2.402604 1.590660 0.425951 1.352219 0.388943 -0.244031 0.009956 
3.357951 0.674840 2.058178 -0.555252 -0.665663 0.915356 0.658098 0.616934 1.600688 0.359437 -0.133305 -0.008779 
-0.188012 1.397166 3.360816 0.664674 0.204776 1.530438 3.399738 0.337831 0.892566 0.322251 -0.134966 -0.017440 
-1.905719 -0.829966 2.211292 1.320978 -1.492125 -0.188632 3.908907 0.119070 0.171395 0.093220 0.063029 -0.074580 
3.670672 0.548850 2.857771 3.405597 1.333920 2.624472 2.583661 -0.113528 -0.574495 0.064851 0.177288 0.009130 
3.714811 -0.021233 0.261625 0.591760 0.312822 1.141283 2.461432 0.890936 -0.369780 -0.154228 -0.111160 -0.056264 
2.867010 2.221915 2.402135 1.951037 2.013614 1.601906 1.462154 0.924378 0.827124 0.492731 0.223533 0.049470 
3.630731 1.454090 1.402301 0.866682 0.784118 0.924427 1.826616 1.480009 0.925329 0.132438 -0.075034 -0.051341 
0.301223 -2.331708 0.763763 3.563362 1.631617 -0.138606 0.888839 2.051307 1.175750 -0.960372 0.250542 0.075705 
2.562140 0.300844 2.281887 2.342771 -0.180416 -1.596400 0.977684 0.938401 -0.035905 -0.302618 0.106727 0.035651 
2.340887 2.355713 2.841841 1.050924 2.683225 0.511581 1.782084 1.114735 0.597841 0.862430 0.015395 0.070264 
1.543039 1.724840 2.302270 0.491634 2.226665 -0.523787 1.172843 0.652735 0.223358 0.669029 -0.090116 0.053948 
1.245243 1.573860 2.158901 0.100323 2.091978 -0.861337 0.886781 0.399777 -0.156607 0.544691 -0.200288 0.057496 
1.525041 1.249722 1.872396 0.228621 1.637501 -0.153835 0.464942 0.390546 0.128945 0.236432 0.050093 -0.002140 
2.088629 1.341340 1.936779 1.154832 2.032318 1.088812 1.104243 0.361856 0.923329 0.162003 0.212064 0.035145 
1.870064 1.175707 1.764572 0.973191 1.708903 0.681314 0.585374 0.041300 0.676893 0.123566 0.178193 0.012547 
1.898306 1.496717 1.936375 1.247620 1.460168 0.576598 1.022799 0.614631 0.740938 0.250589 0.216938 0.028171 
1.405020 0.997273 1.399207 0.755799 0.836595 0.282579 0.656153 0.315180 0.422737 0.120976 0.162047 0.019094 
1.468160 0.848455 1.673134 0.460026 1.370867 0.122935 1.140018 0.058929 0.496009 0.073401 0.127300 0.015391 
1.626245 0.823439 1.447818 0.308316 1.180163 0.306808 0.491669 -0.237114 0.402867 -0.031718 0.124401 0.007856 
1.652845 -0.017787 1.013099 0.656208 1.353722 0.097103 0.493430 0.126131 0.989142 0.102558 0.055128 0.029184 
2.221402 -0.405240 1.004992 0.209781 0.810686 -0.363334 0.157028 0.121881 0.623634 -0.170465 -0.083133 0.029512 
1.155400 0.144261 3.762849 2.376333 -1.369119 0.499298 1.308054 0.021343 0.705941 0.086493 0.174772 0.016204 
4.108553 2.024445 3.237774 2.010384 0.085098 0.069284 0.069542 -0.839945 0.438043 0.422371 0.028868 0.028898 
3.546296 1.436712 1.355301 -0.653004 -1.432089 -1.348323 0.135010 0.050543 0.366842 0.206677 0.026140 -0.042979 
0.201912 0.204578 0.218954 0.166162 -0.092996 0.020684 0.131778 -0.362471 0.564279 0.287221 0.115336 0.002680 
0.070020 0.174226 -0.170734 -0.252315 0.016025 0.067077 -0.444054 0.164310 -0.276229 0.061417 0.029743 -0.008488 
0.154406 0.019582 -0.024684 -0.006264 0.212459 -0.068199 -0.254907 0.153836 -0.027221 0.049898 0.025352 -0.024073 
0.061838 0.012138 0.153355 0.159842 -0.334293 -0.095204 0.203731 0.008830 -0.225380 0.074723 -0.031675 -0.047265 
0.004838 0.201187 0.111321 -0.073874 0.168388 0.290698 0.092490 0.084053 -0.089731 0.082541 0.001516 0.053103 
