32 30 29 28 20 24 23 18 18 21 23 23 22 22 24 14 8 8 8 8 8 6 6 9 9 9 9 9 9 9 9 9 17 19 13 19 24 20 22 22 22 22 24 22 21 22 22 18 22 22 22 16 21 22 22 21 16 22 18 22 22 22 22 23 22 22 21 22 21 21 20 22 22 22 22 23 22 20 23 22 21 20 18 22 22 23 21 22 23 22 18 21 18 20 21 22 22 22 21 20 
32 30 29 31 21 22 20 22 22 21 21 21 21 21 18 20 21 18 21 22 21 22 18 17 17 23 18 22 21 22 18 18 22 21 19 19 23 18 21 21 21 19 18 18 4 19 21 22 22 18 8 8 10 10 8 10 10 10 10 9 9 9 9 9 9 9 9 9 9 9 17 19 19 19 21 21 19 20 18 21 21 21 19 22 19 21 20 21 20 17 18 18 18 22 21 21 18 20 21 22 
32 30 29 31 18 18 23 23 19 8 21 17 17 17 18 17 8 8 10 8 8 10 10 9 9 9 9 9 9 9 9 9 9 9 13 17 17 17 17 17 19 18 17 17 19 17 17 17 18 17 19 17 18 17 17 21 17 17 17 17 17 19 17 17 17 17 19 19 17 17 17 17 17 17 9 19 17 17 17 17 18 17 19 19 17 17 17 17 17 19 17 9 17 17 17 19 17 18 17 17 
32 30 29 31 24 21 18 16 22 22 22 22 8 8 8 10 10 10 8 8 8 10 10 10 9 9 9 9 9 9 9 9 13 17 18 21 22 20 22 22 16 21 22 18 22 22 22 23 21 21 21 22 22 16 23 22 22 22 18 22 22 22 22 22 23 22 21 23 22 22 18 22 22 22 22 18 22 22 18 18 18 18 23 22 21 22 18 18 22 20 22 22 22 22 21 22 22 21 18 18 
32 30 29 30 22 22 21 18 23 22 21 22 18 30 8 8 8 10 10 10 10 10 10 10 10 9 9 9 3 9 9 9 9 17 17 19 22 21 22 18 23 21 21 20 22 23 17 21 18 20 17 23 21 21 21 24 16 22 21 18 18 21 21 18 21 19 18 16 18 18 21 21 20 19 19 21 21 18 22 28 21 20 23 18 22 18 18 22 18 21 19 22 18 19 18 20 22 22 22 21 
32 30 29 31 24 24 23 23 24 23 23 23 23 23 23 23 23 23 24 23 23 23 23 23 23 23 23 23 23 23 23 23 23 23 23 23 23 23 23 24 22 24 23 18 18 23 23 23 23 23 23 23 8 8 10 10 8 8 8 8 10 10 9 13 9 9 9 9 9 9 9 9 9 17 17 19 18 23 23 23 23 23 23 23 18 23 22 23 18 18 21 22 22 22 18 23 18 20 22 22 
32 30 29 31 23 23 23 22 23 23 23 23 23 19 23 21 23 23 23 23 8 8 8 10 10 8 8 10 10 9 9 9 9 9 9 9 9 9 9 9 17 17 17 23 17 23 17 23 23 18 17 19 17 17 17 17 17 17 17 17 18 23 17 17 17 17 23 19 18 23 17 19 18 17 17 18 17 18 19 17 23 19 18 17 17 23 23 17 18 23 19 19 19 18 18 19 19 23 17 17 
32 30 29 31 23 23 23 21 22 18 22 22 22 23 28 28 22 22 8 32 22 8 8 10 10 8 8 8 8 10 10 19 9 9 9 9 9 9 9 13 9 17 17 22 23 24 22 22 24 21 22 22 23 20 21 22 20 22 23 23 23 24 18 22 24 23 23 20 22 18 21 18 22 22 23 21 22 20 18 21 20 20 22 22 23 20 21 22 20 19 22 21 22 22 22 21 20 22 22 22 
32 30 29 31 24 18 20 22 16 22 18 23 22 16 8 32 9 10 20 8 8 8 10 10 10 9 9 9 9 9 9 9 9 17 17 17 14 18 22 22 22 22 22 22 22 22 20 18 22 22 21 21 21 22 22 22 22 22 22 22 21 22 22 22 22 22 22 22 22 22 22 22 22 22 21 22 21 22 22 18 22 22 20 22 22 22 21 22 21 20 22 22 22 21 22 21 21 20 22 21 
32 30 29 20 18 21 21 21 20 22 18 22 22 22 22 22 21 22 21 23 24 22 22 22 22 18 22 22 22 20 23 23 22 22 22 22 22 22 19 23 22 20 24 23 22 21 31 23 10 10 10 10 10 10 10 10 10 9 9 9 9 9 9 9 9 13 9 17 17 23 21 22 21 20 19 22 21 21 18 22 21 21 23 21 22 22 20 21 18 21 22 22 22 22 22 32 21 21 21 21 
