32 30 30 31 32 29 32 28 32 32 30 30 31 29 30 28 28 32 30 29 31 31 29 32 28 28 31 30 30 31 29 31 28 28 32 30 30 31 31 29 32 28 22 22 23 18 18 18 17 21 17 17 17 21 17 17 21 18 17 20 18 2 2 4 4 2 2 10 17 17 17 17 4 4 19 22 18 14 22 22 17 18 21 17 21 21 22 21 17 18 17 21 17 21 18 17 21 17 21 17 
32 30 29 31 31 29 32 28 32 32 30 30 31 29 31 28 28 32 30 29 31 31 29 32 28 28 32 30 30 31 29 31 28 28 32 30 29 31 31 29 32 17 17 18 17 21 21 17 17 21 21 17 17 21 18 14 17 24 8 8 12 8 10 2 10 22 17 17 17 12 19 23 21 21 21 21 22 18 16 18 17 21 21 21 17 18 17 17 17 17 18 17 17 17 18 17 17 21 21 17 
32 30 29 31 31 29 32 28 32 32 30 30 31 29 31 28 28 32 30 29 31 31 29 21 17 17 18 17 18 22 17 21 17 21 18 21 21 17 18 17 21 17 21 21 8 8 8 8 22 2 2 17 17 16 23 17 17 21 21 18 21 21 17 17 18 21 17 17 17 17 17 17 17 17 21 21 18 17 17 17 21 17 17 17 17 17 17 21 18 21 17 21 18 21 17 18 17 17 18 17 
32 30 29 31 31 29 32 28 32 32 30 30 31 29 31 28 28 32 30 29 31 31 29 32 28 22 21 21 18 18 21 18 17 18 17 17 17 18 21 17 14 21 17 17 18 10 7 8 8 8 2 2 17 17 17 18 18 10 17 21 21 21 21 21 21 17 17 17 21 17 17 18 17 17 18 21 17 17 17 17 17 17 17 17 17 17 19 21 21 17 17 17 17 17 17 17 17 17 17 17 
21 17 21 17 17 17 17 17 17 17 17 21 21 17 17 17 17 21 17 22 18 17 17 18 17 17 17 21 17 17 17 17 17 17 17 17 17 17 18 13 17 17 3 17 17 17 17 17 17 21 21 17 17 21 17 17 17 17 17 17 18 21 21 17 21 17 2 2 2 2 2 20 17 17 17 21 18 10 17 17 21 21 21 22 21 17 17 17 17 17 21 17 17 17 21 17 17 17 17 17 
32 30 29 31 31 29 32 28 32 32 30 30 31 29 31 28 28 32 30 29 31 31 29 32 28 28 32 30 29 31 29 31 28 28 32 30 29 31 31 29 32 28 17 18 21 17 18 17 21 18 22 17 17 18 19 18 3 3 19 2 2 2 2 17 10 17 17 18 18 23 17 18 17 22 21 16 21 21 17 17 17 21 18 21 21 17 17 21 17 18 17 17 17 17 21 18 17 17 21 22 
32 30 29 31 31 29 32 28 32 32 30 30 31 29 31 28 28 32 30 29 31 31 29 17 17 21 22 2 17 18 17 21 17 21 17 21 17 17 21 17 17 21 18 18 17 21 2 8 8 8 2 10 10 18 18 10 10 10 18 21 22 21 17 21 14 21 18 21 21 17 21 21 17 17 21 21 17 17 17 18 17 17 17 17 17 17 17 18 17 17 21 17 17 17 17 21 21 21 17 17 
32 30 29 31 31 29 32 28 32 32 30 30 31 29 31 28 28 32 30 29 31 31 29 32 28 28 31 30 30 31 29 31 17 17 17 17 18 18 21 21 21 17 17 2 8 8 8 2 8 8 17 2 21 17 23 17 17 21 17 18 17 21 17 17 17 17 17 21 17 17 17 17 21 17 18 17 17 23 17 17 22 17 17 17 17 17 17 17 21 17 17 17 21 17 17 17 17 17 17 17 
32 30 29 31 31 29 32 28 32 32 30 30 31 29 31 28 28 32 30 29 31 31 29 32 28 28 32 30 30 31 29 31 28 28 32 30 29 31 31 29 32 21 17 17 21 18 21 17 17 18 21 18 17 18 18 17 18 21 21 2 2 3 10 2 17 8 17 8 17 8 17 8 17 8 17 10 16 17 21 18 17 18 21 18 17 17 18 17 17 21 18 17 17 18 17 17 17 17 17 17 
17 9 17 17 17 21 17 17 17 20 18 18 17 17 18 17 21 17 17 17 17 17 17 21 21 17 21 9 17 17 17 17 18 17 17 17 21 17 17 18 17 17 17 18 17 21 17 17 21 17 17 22 21 18 17 18 17 17 21 18 17 17 18 17 9 17 17 17 17 17 21 18 17 21 2 2 8 8 8 8 8 18 17 17 17 10 10 10 17 21 17 18 22 21 18 21 17 18 17 18 
