32 30 29 31 31 29 32 28 32 32 30 30 31 29 31 28 28 32 30 29 31 31 29 32 28 28 32 30 30 31 29 31 28 28 32 30 29 31 31 29 32 21 23 23 23 21 17 17 21 21 18 21 18 17 21 21 10 4 5 25 25 12 25 27 26 9 9 18 18 9 21 17 12 12 10 10 10 10 10 8 10 21 22 21 21 21 21 21 21 21 21 21 18 21 18 18 21 14 14 21 
32 30 29 31 31 29 32 28 32 32 30 30 31 29 31 28 28 32 30 29 31 31 29 32 28 28 32 30 30 31 29 31 28 28 32 30 29 31 31 29 18 18 18 19 21 18 19 19 21 21 14 18 21 21 18 19 22 23 28 27 27 27 18 9 9 18 9 18 9 8 12 22 19 10 22 32 10 10 18 19 16 19 17 18 22 18 18 18 22 18 18 18 18 18 21 18 17 18 17 21 
32 30 29 31 31 29 32 28 32 32 30 30 31 29 31 28 28 32 30 29 31 31 29 32 28 28 32 30 30 31 29 31 28 28 32 30 29 31 31 29 22 18 18 17 19 17 18 18 18 18 18 14 9 18 18 14 29 29 27 27 27 27 19 9 18 18 1 17 18 22 12 18 18 18 10 8 10 18 18 19 18 18 20 18 21 18 18 18 17 17 20 18 10 17 19 18 18 21 21 18 
32 30 29 31 31 29 32 28 32 32 30 30 31 29 31 28 28 32 30 29 31 31 29 32 28 28 32 30 30 31 29 31 28 28 32 30 29 31 31 29 18 18 21 18 18 17 17 17 21 18 18 17 5 5 5 27 27 27 18 9 9 26 21 18 18 19 12 12 12 8 8 10 19 18 21 21 21 17 21 18 20 21 18 21 18 22 21 17 21 22 20 21 21 21 17 17 17 17 17 18 
32 30 29 31 31 29 32 28 32 32 30 30 31 29 31 28 28 32 30 29 31 31 29 32 28 28 32 30 30 31 29 31 28 28 32 30 29 31 31 29 32 23 17 23 23 23 23 23 23 23 23 17 23 12 11 11 19 27 27 27 18 18 21 26 26 17 21 12 18 4 10 8 8 10 10 18 21 23 23 23 23 23 23 23 19 21 23 23 23 21 23 22 23 20 23 23 23 23 18 23 
32 30 29 31 31 29 32 28 32 32 30 30 31 29 31 28 28 32 30 29 31 31 29 32 28 28 32 30 30 31 29 31 28 28 32 30 29 31 31 29 32 23 17 23 23 23 21 23 23 23 23 23 23 28 21 25 5 25 27 19 19 18 9 9 17 21 9 17 2 2 10 10 10 10 10 10 17 17 23 23 17 17 21 17 17 17 17 23 23 21 21 21 23 21 21 17 17 23 23 17 
32 30 29 30 21 23 21 21 21 21 21 21 21 21 21 21 21 22 21 21 21 21 22 18 21 21 21 21 20 21 21 21 22 21 21 21 21 21 21 22 21 21 21 21 21 21 21 14 21 21 21 21 21 21 10 12 12 24 11 27 27 24 6 26 9 18 26 21 17 18 10 12 12 12 12 10 8 10 10 17 17 21 17 21 21 21 21 18 18 22 18 18 17 21 19 19 19 18 18 17 
32 30 29 31 21 21 17 17 21 17 17 17 9 17 17 12 11 11 11 19 11 6 9 9 9 9 9 9 10 12 12 12 12 9 10 10 10 10 10 17 17 17 17 18 17 17 17 17 17 17 17 17 17 17 17 17 17 17 17 17 17 17 17 17 17 17 9 17 9 9 17 17 9 9 17 17 17 17 17 17 9 9 17 17 17 17 17 9 17 9 17 17 17 17 17 9 9 17 18 17 
32 30 29 28 21 21 21 21 21 21 11 15 19 27 27 12 6 7 17 18 26 26 21 11 4 4 2 10 10 10 10 10 23 22 22 21 21 21 22 21 23 21 21 22 21 19 21 21 21 21 17 18 21 21 21 21 21 21 17 21 21 21 21 18 21 21 21 21 21 21 21 21 21 17 17 18 21 21 21 21 22 21 17 21 21 17 21 18 21 17 17 21 18 21 17 23 18 21 21 21 
32 30 29 31 17 17 23 21 21 20 21 18 21 23 21 15 15 15 27 27 15 6 18 9 9 18 21 9 18 18 12 12 12 10 10 10 10 10 10 19 19 23 18 21 20 17 21 21 18 21 21 21 17 22 21 18 20 19 22 19 22 21 22 22 22 17 23 22 22 23 22 17 17 20 18 21 18 17 21 21 21 19 21 17 17 21 21 21 19 21 17 17 21 21 18 21 21 21 18 18 
