32 30 29 31 31 29 32 28 32 32 30 30 31 29 31 28 28 32 30 29 31 31 29 32 28 28 32 30 30 31 29 31 28 28 32 30 29 31 31 29 32 15 14 14 14 14 14 15 16 14 15 15 16 15 14 14 14 16 16 16 16 1 2 9 2 9 10 19 9 9 13 13 13 9 7 9 7 9 9 9 9 9 9 13 13 13 13 13 14 14 15 21 15 15 15 15 16 17 15 15 
32 30 29 31 31 29 32 28 32 32 30 30 31 29 31 28 28 32 30 29 31 31 29 32 28 28 32 30 30 31 29 31 28 28 32 30 29 31 31 29 32 28 15 16 14 15 15 15 16 15 15 15 15 15 15 15 15 15 20 1 1 1 9 10 19 9 9 9 9 10 9 7 2 7 7 9 9 9 9 13 13 9 13 13 13 13 14 13 15 14 15 14 15 15 15 15 15 15 14 15 
32 30 29 31 31 29 32 28 32 32 30 30 31 29 31 28 28 32 30 29 31 31 29 32 28 28 32 30 30 31 29 31 28 28 32 30 29 31 31 29 32 28 15 15 16 15 14 14 15 15 15 15 14 15 15 15 15 15 15 2 1 1 1 2 9 26 26 9 13 13 13 10 1 1 1 3 3 1 3 9 9 9 13 13 13 13 13 14 14 14 15 15 16 15 15 15 16 14 15 15 
32 30 29 31 31 29 32 28 32 32 30 30 31 29 31 28 28 32 30 29 31 31 29 32 28 28 32 30 30 31 29 31 28 28 32 30 29 31 31 29 32 16 15 15 15 14 15 15 15 15 15 15 15 15 16 15 15 15 15 1 1 9 1 9 19 20 26 13 13 9 13 10 9 9 1 1 1 9 9 9 9 13 13 13 13 13 13 13 14 13 16 15 15 15 14 14 15 15 14 15 
32 30 29 31 31 29 32 28 32 32 30 30 31 29 31 28 28 32 30 29 31 31 29 32 28 28 32 30 30 31 29 31 28 28 32 30 29 31 31 29 32 28 16 15 15 15 14 14 15 14 15 16 15 16 15 15 14 16 15 15 15 15 15 15 27 1 1 1 1 1 9 10 19 19 18 18 9 9 13 13 13 10 9 1 1 1 1 1 1 1 1 1 9 9 1 9 9 9 9 9 
32 30 29 31 31 29 32 28 32 32 30 30 31 29 31 28 28 32 30 29 31 31 29 32 28 28 32 30 30 31 29 31 28 28 32 30 29 31 31 29 32 28 15 18 15 14 14 15 14 14 15 15 15 15 15 1 1 1 1 1 17 19 19 19 19 9 13 14 14 17 13 1 1 1 1 1 1 1 1 9 1 1 13 13 9 9 9 13 13 13 13 13 13 14 14 15 15 14 14 14 
32 30 29 31 31 29 32 28 32 32 30 30 31 29 31 28 28 32 30 29 31 31 29 32 28 28 32 30 30 31 29 31 28 28 32 30 29 31 31 29 32 28 14 15 15 15 15 15 15 15 15 14 21 15 14 15 15 15 14 15 15 14 14 14 1 1 1 1 1 17 18 20 18 18 14 14 13 10 9 1 3 1 1 1 1 1 1 9 13 13 9 9 9 13 13 13 13 13 14 14 
32 30 29 31 31 29 32 28 32 32 30 30 31 29 31 28 28 32 30 29 31 31 29 15 14 15 14 14 14 19 14 15 14 15 16 14 15 15 1 1 1 17 1 9 10 10 10 14 19 19 9 1 9 9 9 13 13 10 9 9 1 1 1 1 1 1 9 17 9 1 1 13 9 9 9 9 9 9 13 13 13 13 13 14 14 16 15 15 14 16 14 15 15 14 15 15 15 14 14 14 
32 30 29 31 31 29 32 28 32 32 30 30 31 29 31 28 28 32 30 29 31 31 29 32 28 28 32 30 30 31 29 31 28 28 32 30 29 31 31 29 32 28 14 15 14 14 16 16 15 15 15 16 14 14 15 14 15 18 1 1 1 1 1 1 9 10 23 19 9 9 9 13 13 14 14 17 17 1 1 1 1 1 1 1 1 1 1 9 13 13 9 9 9 13 13 9 13 13 13 14 
30 30 30 31 31 29 32 28 30 32 30 30 31 29 31 28 31 32 32 29 31 31 30 16 15 14 16 15 15 14 14 15 15 15 14 15 15 15 15 15 15 16 14 21 1 1 17 1 1 10 17 18 9 9 13 13 13 10 9 9 1 2 9 1 1 1 9 9 9 9 9 9 13 13 13 13 13 14 14 15 15 14 14 15 15 15 15 15 16 15 15 15 15 14 14 15 14 15 14 15 
